 225.2,  186.8, 190.5, 234.8, 220.2,  225, 227.5,   36,   0,   28.9, REFLOW
 225.5,  186.5, 190.5, 234.8, 220.2,  225, 227.5,    5,   0,   28.9, REFLOW
 225.8,  186.5, 190.2, 234.5, 220.0,  225, 227.2,   72,   0,   28.9, REFLOW
 226.0,  186.2, 190.0, 234.5, 219.8,  224, 227.1,   24,   0,   28.9, REFLOW
 226.2,  186.2, 190.0, 234.2, 219.5,  224, 226.9,   60,   0,   28.9, REFLOW
 226.5,  186.0, 189.8, 234.2, 219.5,  224, 226.9,    0,  10,   28.9, REFLOW
 226.8,  186.0, 189.8, 234.2, 219.2,  224, 226.8,   31,   0,   28.9, REFLOW
 227.0,  185.8, 189.5, 234.0, 219.0,  223, 226.5,   47,   0,   28.9, REFLOW
 227.2,  185.8, 189.5, 234.0, 219.0,  223, 226.5,    0,  22,   28.9, REFLOW
 227.5,  185.5, 189.2, 234.0, 218.8,  223, 226.4,   19,   0,   28.9, REFLOW
 227.8,  185.5, 189.2, 233.8, 218.5,  223, 226.1,   55,   0,   28.9, REFLOW
 228.0,  185.5, 189.0, 233.8, 218.5,  223, 226.1,    0,  15,   28.9, REFLOW
 228.2,  185.2, 189.0, 233.5, 218.2,  223, 225.9,   60,   0,   28.9, REFLOW
 228.5,  185.0, 189.0, 233.5, 218.2,  223, 225.9,    0,  10,   28.9, REFLOW
 228.8,  184.8, 188.8, 233.2, 218.0,  223, 225.6,   65,   0,   28.9, REFLOW
 229.0,  184.8, 188.8, 233.2, 217.8,  222, 225.5,   16,   0,   28.9, REFLOW
 229.2,  184.8, 188.5, 233.0, 217.5,  222, 225.2,   52,   0,   28.9, REFLOW
 229.5,  184.5, 188.5, 233.0, 217.2,  222, 225.1,   23,   0,   28.9, REFLOW
 229.8,  184.2, 188.2, 232.8, 217.0,  222, 224.9,   60,   0,   28.9, REFLOW
 230.0,  184.0, 188.2, 232.8, 216.8,  222, 224.8,   31,   0,   28.9, REFLOW
 230.2,  184.0, 188.0, 232.5, 216.5,  222, 224.5,   67,   0,   28.9, REFLOW
 230.5,  183.8, 188.0, 232.5, 216.5,  222, 224.5,    5,   0,   28.9, REFLOW
 230.8,  183.5, 187.8, 232.2, 216.2,  222, 224.2,   72,   0,   28.9, REFLOW
 231.0,  183.5, 187.8, 232.2, 216.0,  221, 224.1,   23,   0,   28.9, REFLOW
 231.2,  183.2, 187.8, 232.0, 215.8,  221, 223.9,   60,   0,   28.9, REFLOW
 231.5,  183.2, 187.5, 231.8, 215.8,  221, 223.8,   31,   0,   28.9, REFLOW
 231.8,  183.0, 187.2, 231.8, 215.5,  221, 223.6,   33,   0,   28.9, REFLOW
 232.0,  183.0, 187.2, 231.5, 215.5,  221, 223.5,   36,   0,   28.9, REFLOW
 232.2,  182.8, 187.0, 231.5, 215.2,  221, 223.4,   38,   0,   28.9, REFLOW
 232.5,  182.5, 187.0, 231.5, 215.2,  221, 223.4,    7,   0,   28.9, REFLOW
 232.8,  182.2, 186.8, 231.2, 215.0,  221, 223.1,   75,   0,   28.9, REFLOW
 233.0,  182.2, 186.8, 231.2, 214.8,  220, 223.0,   26,   0,   28.9, REFLOW
 233.2,  182.2, 186.8, 231.0, 214.5,  220, 222.8,   62,   0,   28.9, REFLOW
 233.5,  182.0, 186.5, 231.0, 214.2,  220, 222.6,   33,   0,   28.9, REFLOW
 233.8,  182.0, 186.2, 230.8, 214.2,  220, 222.5,   36,   0,   28.9, REFLOW
 234.0,  181.8, 186.2, 230.8, 214.0,  220, 222.4,   38,   0,   28.9, REFLOW
 234.2,  181.5, 186.0, 230.5, 214.0,  220, 222.2,   41,   0,   28.9, REFLOW
 234.5,  181.5, 186.0, 230.5, 214.0,  220, 222.2,    9,   0,   28.9, REFLOW
 234.8,  181.2, 185.8, 230.2, 213.8,  220, 222.0,   77,   0,   28.9, REFLOW
 235.0,  181.2, 185.8, 230.2, 213.8,  219, 222.0,    0,  13,   28.9, REFLOW
 235.2,  181.0, 185.5, 230.2, 213.5,  219, 221.9,   28,   0,   28.9, REFLOW
 235.5,  181.0, 185.5, 230.2, 213.5,  219, 221.9,    0,  10,   28.9, REFLOW
 235.8,  180.8, 185.2, 230.0, 213.2,  219, 221.6,   64,   0,   28.9, REFLOW
 236.0,  180.8, 185.2, 230.0, 213.2,  219, 221.6,    2,   0,   28.9, REFLOW
 236.2,  180.5, 185.0, 229.8, 213.0,  219, 221.4,   69,   0,   28.9, REFLOW
 236.5,  180.5, 184.8, 229.8, 212.8,  219, 221.2,   41,   0,   28.9, REFLOW
 236.8,  180.2, 184.5, 229.5, 212.5,  219, 221.0,   77,   0,   28.9, REFLOW
 237.0,  180.2, 184.5, 229.5, 212.5,  218, 221.0,    0,  13,   28.9, REFLOW
 237.2,  180.0, 184.2, 229.2, 212.2,  218, 220.8,   62,   0,   28.9, REFLOW
 237.5,  179.8, 184.2, 229.0, 212.2,  218, 220.6,   33,   0,   28.9, REFLOW
 237.8,  179.5, 184.0, 228.8, 212.0,  218, 220.4,   69,   0,   28.9, REFLOW
 238.0,  179.5, 183.8, 228.8, 211.8,  218, 220.2,   41,   0,   28.9, REFLOW
 238.2,  179.2, 183.8, 228.5, 211.5,  218, 220.0,   77,   0,   28.9, REFLOW
 238.5,  179.0, 183.5, 228.5, 211.2,  218, 219.9,   48,   0,   28.9, REFLOW
 238.8,  179.0, 183.2, 228.5, 211.2,  218, 219.9,   17,   0,   29.0, REFLOW
 239.0,  178.8, 183.2, 228.2, 211.0,  217, 219.6,   64,   0,   28.9, REFLOW
 239.2,  178.8, 183.0, 228.2, 211.0,  217, 219.6,    2,   0,   28.9, REFLOW
 239.5,  178.5, 183.0, 228.0, 210.8,  217, 219.4,   69,   0,   29.0, REFLOW
 239.8,  178.5, 182.8, 228.0, 210.8,  217, 219.4,    7,   0,   29.0, REFLOW
 240.0,  178.2, 182.5, 227.8, 210.5,  217, 219.1,   74,   0,   28.9, REFLOW
 240.2,  178.2, 182.5, 227.8, 210.5,  217, 219.1,   12,   0,   29.0, REFLOW
 240.5,  178.0, 182.2, 227.8, 210.2,  217, 219.0,   45,   0,   29.0, REFLOW
 240.8,  178.0, 182.2, 227.5, 210.2,  217, 218.9,   48,   0,   29.0, REFLOW
 241.0,  177.8, 182.0, 227.2, 210.0,  216, 218.6,   64,   0,   29.0, REFLOW
 241.2,  177.8, 182.0, 227.2, 210.0,  216, 218.6,    2,   0,   29.0, REFLOW
 241.5,  177.5, 181.8, 227.0, 209.8,  216, 218.4,   69,   0,   29.0, REFLOW
 241.8,  177.5, 181.5, 227.0, 209.8,  216, 218.4,    7,   0,   28.9, REFLOW
 242.0,  177.2, 181.5, 227.0, 209.5,  215, 218.2,   20,   0,   29.0, REFLOW
 242.2,  177.2, 181.2, 227.0, 209.5,  215, 218.2,    0,  18,   29.0, REFLOW
 242.5,  177.0, 181.2, 226.5, 209.2,  215, 217.9,   90,   0,   29.0, REFLOW
 242.8,  176.8, 181.0, 226.5, 209.2,  215, 217.9,    0,  10,   29.0, REFLOW
 243.0,  176.5, 181.0, 226.5, 209.0,  214, 217.8,   10,   0,   29.0, REFLOW
 243.2,  176.5, 181.0, 226.2, 208.8,  214, 217.5,   47,   0,   29.0, REFLOW
 243.5,  176.5, 180.8, 226.2, 208.5,  214, 217.4,   18,   0,   29.0, REFLOW
 243.8,  176.2, 180.5, 226.0, 208.5,  214, 217.2,   20,   0,   29.0, REFLOW
 244.0,  176.2, 180.5, 225.8, 208.2,  213, 217.0,   37,   0,   29.0, REFLOW
 244.2,  176.0, 180.2, 225.8, 208.2,  213, 217.0,    0,  33,   29.0, REFLOW
 244.5,  176.0, 180.2, 225.8, 208.0,  213, 216.9,    8,   0,   29.0, REFLOW
 244.8,  176.0, 180.0, 225.5, 207.8,  213, 216.6,   44,   0,   29.0, REFLOW
 245.0,  175.8, 180.0, 225.5, 207.8,  212, 216.6,    0,  46,   29.0, REFLOW
 245.2,  175.5, 179.8, 225.2, 207.5,  212, 216.4,   29,   0,   29.0, REFLOW
 245.5,  175.5, 179.8, 225.2, 207.5,  212, 216.4,    0,  41,   29.0, REFLOW
 245.8,  175.2, 179.5, 225.0, 207.2,  212, 216.1,   34,   0,   29.0, REFLOW
 246.0,  175.2, 179.5, 225.0, 207.2,  211, 216.1,    0,  56,   29.0, REFLOW
 246.2,  175.2, 179.5, 224.8, 207.0,  211, 215.9,   19,   0,   29.0, REFLOW
 246.5,  175.0, 179.2, 224.5, 206.8,  211, 215.6,   24,   0,   29.0, REFLOW
 246.8,  174.8, 179.2, 224.5, 206.8,  211, 215.6,    0,  46,   29.0, REFLOW
 247.0,  174.5, 179.0, 224.2, 206.5,  210, 215.4,    9,   0,   29.0, REFLOW
 247.2,  174.5, 179.0, 224.2, 206.2,  210, 215.2,    0,  27,   29.0, REFLOW
 247.5,  174.5, 179.0, 224.0, 206.0,  210, 215.0,   16,   0,   29.0, REFLOW
 247.8,  174.5, 178.8, 224.0, 205.8,  210, 214.9,    0,  19,   29.0, REFLOW
 248.0,  174.2, 178.8, 223.8, 205.5,  209, 214.6,    4,   0,   29.0, REFLOW
 248.2,  174.2, 178.8, 223.5, 205.5,  209, 214.5,    0,  32,   29.0, REFLOW
 248.5,  174.0, 178.5, 223.5, 205.2,  209, 214.4,    0,  30,   29.0, REFLOW
 248.8,  174.0, 178.5, 223.2, 205.2,  209, 214.2,    0,  27,   29.0, REFLOW
 249.0,  173.8, 178.2, 223.2, 205.0,  208, 214.1,    0,  45,   29.0, REFLOW
 249.2,  173.8, 178.2, 223.0, 204.8,  208, 213.9,    0,   8,   29.0, REFLOW
 249.5,  173.5, 178.2, 222.8, 204.5,  208, 213.6,    4,   0,   29.0, REFLOW
 249.8,  173.5, 178.2, 222.5, 204.2,  208, 213.4,    9,   0,   29.0, REFLOW
 250.0,  173.2, 178.2, 222.2, 204.0,  207, 213.1,    0,  13,   29.0, REFLOW
 250.2,  173.2, 178.0, 222.2, 203.8,  207, 213.0,    0,  42,   29.0, REFLOW
 250.5,  173.0, 178.0, 222.0, 203.8,  207, 212.9,    0,  40,   29.0, REFLOW
 250.8,  173.0, 178.0, 222.0, 203.5,  207, 212.8,    0,  37,   29.0, REFLOW
 251.0,  172.8, 178.0, 221.5, 203.2,  206, 212.4,   20,   0,   29.0, REFLOW
 251.2,  172.5, 178.0, 221.2, 203.0,  206, 212.1,    0,  14,   29.0, REFLOW
 251.5,  172.2, 178.0, 221.0, 202.8,  206, 211.9,    0,   9,   29.0, REFLOW
 251.8,  172.2, 178.0, 220.2, 202.5,  206, 211.4,   71,   0,   29.0, REFLOW
 252.0,  172.2, 178.0, 219.2, 202.5,  205, 210.9,   61,   0,   29.0, REFLOW
 252.2,  172.2, 178.0, 218.2, 202.2,  205, 210.2,  105,   0,   29.0, REFLOW
 252.5,  172.2, 178.2, 218.0, 202.2,  205, 210.1,    0,  25,   29.0, REFLOW
 252.8,  171.8, 178.2, 217.8, 202.2,  205, 210.0,    0,  22,   29.0, REFLOW
 253.0,  171.8, 178.2, 217.8, 202.2,  204, 210.0,    0,  74,   29.0, REFLOW
 253.2,  171.5, 178.5, 217.2, 202.2,  204, 209.8,    1,   0,   29.0, REFLOW
 253.5,  171.5, 178.5, 217.0, 202.2,  204, 209.6,    0,  35,   29.0, REFLOW
 253.8,  171.5, 178.5, 216.2, 202.0,  204, 209.1,   76,   0,   29.0, REFLOW
 254.0,  171.2, 178.5, 215.8, 201.8,  203, 208.8,   32,   0,   29.1, REFLOW
 254.2,  171.2, 178.8, 215.2, 201.8,  203, 208.5,    6,   0,   29.0, REFLOW
 254.5,  171.2, 179.0, 215.2, 201.5,  203, 208.4,    0,  30,   29.0, REFLOW
 254.8,  170.8, 179.0, 215.5, 201.5,  203, 208.5,    0,  95,   29.0, REFLOW
 255.0,  170.8, 179.0, 215.5, 201.8,  202, 208.6,    0, 118,   29.0, REFLOW
 255.2,  170.5, 179.5, 215.8, 201.5,  202, 208.6,    0,  86,   29.0, REFLOW
 255.5,  170.5, 179.5, 215.5, 201.5,  202, 208.5,    0,  53,   29.0, REFLOW
 255.8,  170.5, 180.0, 214.8, 201.5,  202, 208.1,   24,   0,   29.0, REFLOW
 256.0,  170.8, 180.0, 214.5, 201.0,  201, 207.8,   12,   0,   29.0, REFLOW
 256.2,  171.2, 180.5, 215.0, 200.8,  201, 207.9,    0, 123,   29.1, REFLOW
 256.5,  171.2, 180.8, 215.0, 201.0,  201, 208.0,    0, 125,   29.0, REFLOW
 256.8,  171.0, 181.2, 214.8, 201.0,  201, 207.9,    0,  60,   29.0, REFLOW
 257.0,  171.5, 181.5, 214.5, 201.2,  200, 207.9,    0, 112,   29.0, REFLOW
 257.2,  172.0, 182.2, 214.5, 200.8,  200, 207.6,    0,  44,   29.1, REFLOW
 257.5,  172.5, 183.2, 215.2, 200.8,  200, 208.0,    0, 208,   29.1, REFLOW
 257.8,  174.2, 184.8, 215.5, 200.8,  200, 208.1,    0, 148,   29.1, REFLOW
 258.0,  174.0, 185.8, 216.0, 201.0,  199, 208.5,    0, 238,   29.1, REFLOW
 258.2,  174.5, 187.0, 216.5, 201.8,  199, 209.1,    0, 255,   29.1, REFLOW
 258.5,  174.8, 188.0, 216.5, 201.8,  199, 209.1,    0, 157,   29.1, REFLOW
 258.8,  173.8, 189.2, 215.8, 201.2,  199, 208.5,   19,   0,   29.1, REFLOW
 259.0,  172.5, 189.2, 215.5, 201.2,  198, 208.4,    0, 131,   29.1, REFLOW
 259.2,  171.8, 190.2, 214.5, 200.5,  198, 207.5,   81,   0,   29.1, REFLOW
 259.5,  171.2, 190.5, 213.5, 200.0,  198, 206.8,   65,   0,   29.1, REFLOW
 259.8,  170.0, 191.0, 212.8, 200.2,  198, 206.5,    0,  62,   29.1, REFLOW
 260.0,  169.5, 190.8, 212.0, 199.8,  197, 205.9,   31,   0,   29.1, REFLOW
 260.2,  168.5, 190.2, 211.0, 199.2,  197, 205.1,   77,   0,   29.1, REFLOW
 260.5,  168.2, 190.5, 210.2, 199.0,  197, 204.6,   25,   0,   29.1, REFLOW
 260.8,  167.8, 190.5, 209.2, 199.2,  197, 204.2,    1,   0,   29.1, REFLOW
 261.0,  167.5, 190.8, 208.8, 198.2,  196, 203.5,   90,   0,   29.1, REFLOW
 261.2,  166.8, 191.2, 208.2, 198.0,  196, 203.1,    4,   0,   29.1, REFLOW
 261.5,  166.8, 191.5, 207.2, 198.2,  196, 202.8,   11,   0,   29.1, REFLOW
 261.8,  165.8, 191.5, 207.5, 197.8,  196, 202.6,    0,  56,   29.1, REFLOW
 262.0,  165.0, 191.2, 207.2, 198.0,  195, 202.6,    0, 107,   29.1, REFLOW
 262.2,  165.0, 191.5, 206.2, 198.0,  195, 202.1,   35,   0,   29.1, REFLOW
 262.5,  164.5, 191.2, 206.2, 197.8,  195, 202.0,    0,  64,   29.1, REFLOW
 262.8,  164.0, 191.8, 205.8, 197.2,  195, 201.5,   47,   0,   29.1, REFLOW
 263.0,  164.0, 191.8, 205.5, 196.0,  194, 200.8,  105,   0,   29.1, REFLOW
 263.2,  163.5, 192.5, 204.8, 196.0,  194, 200.4,   18,   0,   29.1, REFLOW
 263.5,  163.2, 192.5, 204.8, 195.8,  194, 200.2,    0,  49,   29.1, REFLOW
 263.8,  162.5, 192.5, 204.8, 195.0,  194, 199.9,   28,   0,   29.1, REFLOW
 264.0,  162.5, 192.2, 204.5, 195.0,  193, 199.8,    0,  59,   29.1, REFLOW
 264.2,  162.5, 192.2, 204.0, 194.5,  193, 199.2,   52,   0,   29.1, REFLOW
 264.5,  161.5, 192.0, 203.8, 194.8,  193, 199.2,    0,  80,   29.1, REFLOW
 264.8,  161.5, 192.0, 203.2, 194.8,  193, 199.0,    0,  13,   29.1, REFLOW
 265.0,  161.2, 191.8, 203.2, 194.2,  192, 198.8,    0,  28,   29.1, REFLOW
 265.2,  161.5, 192.0, 203.2, 194.2,  192, 198.8,    0,  90,   29.2, REFLOW
 265.5,  160.5, 192.0, 202.8, 193.8,  192, 198.2,   52,   0,   29.1, REFLOW
 265.8,  160.2, 192.2, 202.8, 194.0,  192, 198.4,    0, 114,   29.1, REFLOW
 266.0,  159.2, 192.2, 202.5, 194.0,  191, 198.2,    0,  69,   29.1, REFLOW
 266.2,  159.0, 192.5, 202.0, 194.0,  191, 198.0,    0,  33,   29.1, REFLOW
 266.5,  158.2, 192.8, 202.0, 194.0,  191, 198.0,    0,  95,   29.1, REFLOW
 266.8,  158.0, 193.0, 201.8, 194.0,  191, 197.9,    0,  62,   29.1, REFLOW
 267.0,  157.5, 193.0, 201.0, 193.0,  190, 197.0,  130,   0,   29.2, REFLOW
 267.2,  157.2, 193.0, 201.0, 192.8,  190, 196.9,    0,  62,   29.2, REFLOW
 267.5,  156.5, 193.2, 200.8, 191.8,  190, 196.2,   83,   0,   29.2, REFLOW
 267.8,  156.5, 193.0, 200.2, 191.5,  190, 195.9,   28,   0,   29.2, REFLOW
 268.0,  156.5, 193.2, 199.5, 191.0,  189, 195.2,   83,   0,   29.2, REFLOW
 268.2,  156.5, 192.5, 199.0, 190.5,  189, 194.8,   62,   0,   29.2, REFLOW
 268.5,  156.0, 192.0, 199.0, 190.8,  189, 194.9,    0, 104,   29.2, REFLOW
 268.8,  155.8, 191.8, 198.5, 189.5,  189, 194.0,  170,   0,   29.1, REFLOW
 269.0,  155.5, 191.5, 198.5, 190.0,  188, 194.2,    0, 143,   29.2, REFLOW
 269.2,  155.0, 191.2, 198.5, 190.0,  188, 194.2,    0,  81,   29.2, REFLOW
 269.5,  154.8, 191.2, 197.8, 189.2,  188, 193.5,  129,   0,   29.2, REFLOW
 269.8,  154.2, 191.0, 198.0, 189.0,  188, 193.5,    0,  66,   29.2, REFLOW
 270.0,  153.5, 191.0, 197.2, 189.0,  187, 193.1,   23,   0,   29.2, REFLOW
 270.2,  153.2, 190.8, 196.8, 189.0,  187, 192.9,    0,  11,   29.2, REFLOW
 270.5,  153.2, 190.2, 196.0, 189.0,  187, 192.5,   35,   0,   29.2, REFLOW
 270.8,  153.0, 190.5, 195.8, 189.0,  187, 192.4,    0,  32,   29.2, REFLOW
 271.0,  153.0, 190.0, 194.8, 188.2,  186, 191.5,  160,   0,   29.2, REFLOW
 271.2,  152.5, 190.0, 194.5, 187.8,  186, 191.1,   43,   0,   29.2, REFLOW
 271.5,  152.2, 190.0, 194.0, 187.8,  186, 190.9,   16,   0,   29.2, REFLOW
 271.8,  152.0, 190.0, 193.5, 187.8,  186, 190.6,   21,   0,   29.2, REFLOW
 272.0,  151.8, 189.5, 193.2, 187.8,  185, 190.5,    0,  34,   29.2, REFLOW
 272.2,  151.0, 189.0, 193.5, 187.2,  185, 190.4,    0,  32,   29.2, REFLOW
 272.5,  150.8, 188.2, 193.2, 186.5,  185, 189.9,   79,   0,   29.2, REFLOW
 272.8,  150.8, 188.0, 193.0, 187.0,  185, 190.0,    0,  87,   29.2, REFLOW
 273.0,  150.0, 187.8, 193.0, 186.5,  184, 189.8,    0,   8,   29.2, REFLOW
 273.2,  149.2, 187.8, 193.0, 186.5,  184, 189.8,    0,  71,   29.2, REFLOW
 273.5,  149.0, 187.8, 192.5, 186.2,  184, 189.4,   37,   0,   29.2, REFLOW
 273.8,  149.0, 187.5, 192.0, 186.2,  184, 189.1,   11,   0,   29.2, REFLOW
 274.0,  148.5, 187.5, 192.0, 185.8,  183, 188.9,    0,  11,   29.2, REFLOW
 274.2,  148.2, 187.2, 191.8, 185.5,  183, 188.6,    1,   0,   29.2, REFLOW
 274.5,  147.8, 186.8, 191.5, 185.5,  183, 188.5,    0,  35,   29.2, REFLOW
 274.8,  147.2, 186.5, 191.5, 185.0,  183, 188.2,    9,   0,   29.2, REFLOW
 275.0,  147.2, 186.2, 191.0, 185.0,  182, 188.0,    0,  14,   29.2, REFLOW
 275.2,  146.5, 185.8, 190.8, 185.0,  182, 187.9,    0,  42,   29.2, REFLOW
 275.5,  146.2, 186.0, 190.8, 185.2,  182, 188.0,    0, 107,   29.2, REFLOW
 275.8,  146.2, 186.0, 190.8, 185.0,  182, 187.9,    0,  42,   29.2, REFLOW
 276.0,  146.0, 185.8, 190.8, 185.5,  181, 188.1,    0, 161,   29.2, REFLOW
 276.2,  145.8, 185.2, 190.8, 185.2,  181, 188.0,    0,  65,   29.2, REFLOW
 276.5,  145.5, 185.0, 190.5, 185.0,  181, 187.8,    0,  29,   29.2, REFLOW
 276.8,  144.8, 184.5, 190.2, 184.5,  181, 187.4,   17,   0,   29.2, REFLOW
 277.0,  144.5, 184.2, 189.2, 183.2,  180, 186.2,  207,   0,   29.2, REFLOW
 277.2,  144.2, 184.0, 188.8, 183.5,  180, 186.1,    0,  47,   29.2, REFLOW
 277.5,  144.0, 183.8, 188.8, 182.5,  180, 185.6,   63,   0,   29.2, REFLOW
 277.8,  143.5, 183.8, 188.2, 182.2,  180, 185.2,   39,   0,   29.2, REFLOW
 278.0,  143.5, 183.5, 188.0, 182.2,  179, 185.1,    0,  48,   29.2, REFLOW
 278.2,  143.8, 183.5, 187.5, 182.2,  179, 184.9,    0,  11,   29.2, REFLOW
 278.5,  143.8, 183.0, 187.2, 182.2,  179, 184.8,    0,  40,   29.2, REFLOW
 278.8,  143.8, 183.0, 186.8, 181.0,  179, 183.9,  172,   0,   29.2, REFLOW
 279.0,  143.2, 182.8, 186.8, 181.2,  178, 184.0,    0, 108,   29.2, REFLOW
 279.2,  143.0, 182.2, 186.2, 181.5,  178, 183.9,    0,  43,   29.2, REFLOW
 279.5,  143.0, 182.0, 186.2, 181.2,  178, 183.8,    0,  40,   29.3, REFLOW
 279.8,  142.5, 181.8, 186.0, 181.0,  178, 183.5,    3,   0,   29.2, REFLOW
 280.0,  142.0, 181.5, 185.8, 180.8,  177, 183.2,    0,  19,   29.2, REFLOW
 280.2,  141.8, 180.8, 184.5, 180.8,  177, 182.6,   94,   0,   29.2, REFLOW
 280.5,  141.8, 180.0, 184.5, 180.2,  177, 182.4,    5,   0,   29.2, REFLOW
 280.8,  141.8, 179.2, 184.0, 180.2,  177, 182.1,   10,   0,   29.2, REFLOW
 281.0,  141.8, 179.0, 183.5, 180.0,  176, 181.8,   29,   0,   29.2, REFLOW
 281.2,  141.2, 178.5, 183.8, 179.5,  176, 181.6,    0,  38,   29.3, REFLOW
 281.5,  141.0, 178.0, 183.2, 179.0,  176, 181.1,   73,   0,   29.2, REFLOW
 281.8,  140.5, 177.5, 183.0, 179.0,  176, 181.0,    0,  25,   29.3, REFLOW
 282.0,  140.5, 177.2, 183.0, 179.2,  175, 181.1,    0, 110,   29.3, REFLOW
 282.2,  140.0, 177.0, 182.5, 179.0,  175, 180.8,   29,   0,   29.2, REFLOW
 282.5,  140.2, 177.2, 182.5, 179.0,  175, 180.8,    0,  72,   29.3, REFLOW
 282.8,  140.5, 177.2, 182.0, 179.0,  175, 180.5,    3,   0,   29.3, REFLOW
 283.0,  140.2, 177.0, 181.8, 179.0,  174, 180.4,    0,  53,   29.3, REFLOW
 283.2,  140.0, 176.5, 182.0, 179.0,  174, 180.5,    0, 118,   29.3, REFLOW
 283.5,  140.0, 176.5, 181.8, 178.8,  174, 180.2,    0,  19,   29.3, REFLOW
 283.8,  139.5, 176.5, 181.8, 178.5,  174, 180.1,    0,  48,   29.3, REFLOW
 284.0,  139.0, 176.5, 181.8, 178.5,  173, 180.1,    0,  99,   29.3, REFLOW
 284.2,  138.5, 176.2, 181.2, 178.8,  173, 180.0,    0,  66,   29.3, REFLOW
 284.5,  138.2, 176.0, 181.5, 177.8,  173, 179.6,   11,   0,   29.3, REFLOW
 284.8,  138.0, 176.0, 180.8, 177.8,  173, 179.2,   19,   0,   29.3, REFLOW
 285.0,  138.0, 176.0, 180.5, 177.8,  172, 179.1,    0,  68,   29.3, REFLOW
 285.2,  138.0, 175.8, 180.0, 177.5,  172, 178.8,    9,   0,   29.3, REFLOW
 285.5,  138.0, 175.8, 180.0, 178.0,  172, 179.0,    0, 160,   29.3, REFLOW
 285.8,  138.0, 175.0, 180.0, 176.8,  172, 178.4,   79,   0,   29.3, REFLOW
 286.0,  138.0, 174.5, 179.8, 176.5,  171, 178.1,    0,  37,   29.3, REFLOW
 286.2,  137.5, 174.0, 179.2, 176.0,  171, 177.6,   42,   0,   29.3, REFLOW
 286.5,  137.2, 174.0, 179.5, 176.0,  171, 177.8,    0, 123,   29.3, REFLOW
 286.8,  137.2, 173.2, 179.0, 175.5,  171, 177.2,   50,   0,   29.3, REFLOW
 287.0,  137.0, 173.0, 178.5, 175.5,  170, 177.0,    0,  35,   29.3, REFLOW
 287.2,  137.0, 172.8, 178.2, 175.5,  170, 176.9,    0,  63,   29.3, REFLOW
 287.5,  136.8, 171.8, 178.0, 175.0,  170, 176.5,   14,   0,   29.3, REFLOW
 287.8,  135.8, 171.2, 178.0, 174.5,  170, 176.2,    0,  20,   29.3, REFLOW
 288.0,  133.8, 169.2, 176.8, 173.5,  169, 175.1,  208,   0,   29.4, REFLOW
 288.2,  132.8, 167.2, 175.2, 171.2,  169, 173.2,  255,   0,   29.3, REFLOW
 288.5,  130.8, 164.0, 174.2, 168.5,  169, 171.4,  255,   0,   29.3, REFLOW
 288.8,  130.0, 161.5, 172.2, 167.8,  169, 170.0,  255,   0,   29.3, REFLOW
 289.0,  128.5, 158.2, 171.8, 165.0,  168, 168.4,  255,   0,   29.3, REFLOW
 289.2,  128.0, 156.2, 171.0, 164.2,  168, 167.6,  245,   0,   29.3, REFLOW
 289.5,  126.5, 152.8, 169.5, 162.2,  168, 165.9,  255,   0,   29.4, REFLOW
 289.8,  125.2, 150.8, 169.0, 161.5,  168, 165.2,  255,   0,   29.4, REFLOW
 290.0,  123.5, 147.8, 166.2, 159.2,  167, 162.8,  255,   0,   29.4, REFLOW
 290.2,  122.5, 145.5, 163.8, 158.0,  167, 160.9,  255,   0,   29.4, REFLOW
 290.5,  121.5, 142.8, 163.5, 157.0,  167, 160.2,  255,   0,   29.4, REFLOW
 290.8,  120.8, 141.0, 163.5, 156.0,  167, 159.8,  255,   0,   29.4, REFLOW
 291.0,  120.0, 139.2, 164.2, 154.8,  166, 159.5,  242,   0,   29.4, REFLOW
 291.2,  119.8, 138.2, 163.0, 154.0,  166, 158.5,  255,   0,   29.4, REFLOW
 291.5,  118.8, 136.5, 163.2, 152.5,  166, 157.9,  255,   0,   29.4, REFLOW
 291.8,  118.0, 134.8, 163.2, 151.8,  166, 157.5,  255,   0,   29.4, REFLOW
 292.0,  117.2, 132.8, 162.2, 150.5,  165, 156.4,  255,   0,   29.4, REFLOW
 292.2,  116.0, 131.5, 161.5, 149.5,  165, 155.5,  255,   0,   29.4, REFLOW
 292.5,  114.8, 129.5, 161.5, 148.8,  165, 155.1,  255,   0,   29.4, REFLOW
 292.8,  114.8, 128.2, 161.8, 148.0,  165, 154.9,  255,   0,   29.4, REFLOW
 293.0,  113.2, 127.0, 160.0, 147.2,  164, 153.6,  255,   0,   29.4, REFLOW
 293.2,  113.0, 125.8, 160.5, 146.8,  164, 153.6,  255,   0,   29.4, REFLOW
 293.5,  111.8, 124.5, 160.5, 146.0,  164, 153.2,  255,   0,   29.4, REFLOW
 293.8,  111.0, 124.0, 160.2, 145.5,  164, 152.9,  255,   0,   29.4, REFLOW
 294.0,  110.2, 122.8, 160.0, 145.0,  163, 152.5,  255,   0,   29.4, REFLOW
 294.2,  109.5, 121.8, 160.0, 145.0,  163, 152.5,  255,   0,   29.4, REFLOW
 294.5,  108.8, 120.5, 159.5, 144.5,  163, 152.0,  255,   0,   29.4, REFLOW
 294.8,  108.8, 120.0, 159.2, 143.8,  163, 151.5,  255,   0,   29.4, REFLOW
 295.0,  107.5, 119.2, 157.8, 143.0,  162, 150.4,  255,   0,   29.4, REFLOW
 295.2,   29.0, 188.1, 157.0, 143.0,  162, 108.6,  255,   0,   29.0, REFLOW
 295.5,  107.5, 119.0, 158.8, 142.0,  162, 150.4,    0, 255,   29.4, REFLOW
 295.8,  108.0, 119.0, 159.5, 142.5,  162, 151.0,  115,   0,   29.4, REFLOW
 296.0,  108.5, 120.2, 160.5, 143.2,  161, 151.9,   15,   0,   29.4, REFLOW
 296.2,  109.0, 121.5, 161.0, 143.5,  161, 152.2,  132,   0,   29.4, REFLOW
 296.5,  110.2, 123.2, 161.5, 145.2,  161, 153.4,    0,  85,   29.4, REFLOW
 296.8,  110.5, 124.5, 162.0, 146.2,  161, 154.1,    1,   0,   29.4, REFLOW
 297.0,  112.2, 126.0, 162.8, 147.8,  160, 155.2,    0, 142,   29.4, REFLOW
 297.2,  112.8, 127.2, 163.2, 148.5,  160, 155.9,    0,  30,   29.4, REFLOW
 297.5,  113.8, 129.2, 163.8, 149.5,  160, 156.6,    0,  76,   29.4, REFLOW
 297.8,  114.8, 130.5, 164.0, 150.2,  160, 157.1,    0,  24,   29.4, REFLOW
 298.0,  115.8, 132.5, 165.0, 151.5,  159, 158.2,    0, 222,   29.4, REFLOW
 298.2,  116.5, 134.0, 165.2, 152.2,  159, 158.8,    0,  76,   29.4, REFLOW
 298.5,  117.0, 135.2, 165.2, 152.5,  159, 158.9,   22,   0,   29.4, REFLOW
 298.8,  117.8, 137.0, 165.2, 153.5,  159, 159.4,    0,  89,   29.4, REFLOW
 299.0,  118.0, 138.2, 165.2, 154.2,  158, 159.8,    0,  85,   29.4, REFLOW
 299.2,  118.8, 140.2, 165.2, 154.8,  158, 160.0,    0,  59,   29.4, REFLOW
 299.5,  119.5, 141.0, 165.5, 155.0,  158, 160.2,    0,  64,   29.4, REFLOW
 299.8,  120.2, 142.0, 165.2, 155.8,  158, 160.5,    0,  69,   29.5, REFLOW
 300.0,  121.0, 143.5, 165.0, 156.2,  157, 160.6,    0,  60,   29.5, REFLOW
 300.2,  121.2, 144.5, 165.0, 156.8,  157, 160.9,    0,  96,   29.5, REFLOW
 300.5,  121.8, 145.2, 165.0, 157.0,  157, 161.0,    0,  67,   29.5, REFLOW
 300.8,  122.5, 145.8, 164.8, 157.2,  157, 161.0,    0,  36,   29.5, REFLOW
 301.0,  122.8, 146.5, 164.5, 158.0,  156, 161.2,    0, 124,   29.5, REFLOW
 301.2,  123.0, 147.2, 164.8, 158.8,  156, 161.8,    0, 196,   29.4, REFLOW
 301.5,  123.2, 147.5, 164.5, 158.8,  156, 161.6,    0,  37,   29.5, REFLOW
 301.8,  123.8, 148.8, 164.2, 159.0,  156, 161.6,    0,  69,   29.5, REFLOW
 302.0,  123.8, 149.5, 164.5, 159.0,  155, 161.8,    0, 122,   29.4, REFLOW
 302.2,  124.2, 150.0, 163.8, 159.5,  155, 161.6,    0,  58,   29.5, REFLOW
 302.5,  124.5, 150.2, 163.2, 159.8,  155, 161.5,    0,  55,   29.5, REFLOW
 302.8,  124.5, 150.5, 162.8, 160.0,  155, 161.4,    0,  53,   29.5, REFLOW
 303.0,  124.8, 150.5, 162.2, 159.8,  154, 161.0,    4,   0,   29.5, REFLOW
 303.2,  124.8, 150.8, 162.0, 160.0,  154, 161.0,    0,  96,   29.5, REFLOW
 303.5,  124.8, 150.8, 161.8, 160.5,  154, 161.1,    0, 130,   29.5, REFLOW
 303.8,  125.0, 151.2, 161.5, 160.2,  154, 160.9,    0,  31,   29.5, REFLOW
 304.0,  125.0, 151.2, 161.2, 160.2,  153, 160.8,    0,  80,   29.5, REFLOW
 304.2,  125.0, 151.2, 160.5, 160.0,  153, 160.2,   31,   0,   29.5, REFLOW
 304.5,  125.2, 151.0, 160.2, 160.0,  153, 160.1,    0,  68,   29.5, REFLOW
 304.8,  125.2, 151.5, 159.8, 159.8,  153, 159.8,    9,   0,   29.5, REFLOW
 305.0,  125.2, 151.8, 159.5, 160.2,  152, 159.9,    0, 145,   29.5, REFLOW
 305.2,  125.2, 152.0, 159.8, 160.5,  152, 160.1,    0, 182,   29.5, REFLOW
 305.5,  125.2, 152.2, 159.8, 160.8,  152, 160.2,    0, 153,   29.5, REFLOW
 305.8,  124.8, 152.2, 159.5, 160.2,  152, 159.9,    0,  20,   29.5, REFLOW
 306.0,  124.8, 152.2, 159.0, 160.2,  151, 159.6,    0,  67,   29.5, REFLOW
 306.2,  124.8, 152.5, 158.5, 160.5,  151, 159.5,    0,  96,   29.5, REFLOW
 306.5,  124.8, 152.8, 158.2, 160.0,  151, 159.1,    0,  26,   29.5, REFLOW
 306.8,  124.2, 152.2, 157.8, 160.0,  151, 158.9,    0,  52,   29.5, REFLOW
 307.0,  124.0, 152.0, 156.8, 159.5,  150, 158.1,   75,   0,   29.5, REFLOW
 307.2,  123.8, 152.0, 156.8, 159.0,  150, 157.9,    0,  52,   29.5, REFLOW
 307.5,  123.2, 151.8, 156.5, 159.0,  150, 157.8,    0,  81,   29.5, REFLOW
 307.8,  123.0, 152.0, 156.0, 158.5,  150, 157.2,   30,   0,   29.5, REFLOW
 308.0,  123.0, 151.8, 155.2, 158.8,  149, 157.0,    0,  54,   29.5, REFLOW
 308.2,  123.2, 151.2, 154.8, 159.2,  149, 157.0,    0, 117,   29.6, REFLOW
 308.5,  123.2, 151.0, 154.5, 159.0,  149, 156.8,    0,  50,   29.5, REFLOW
 308.8,  122.8, 151.0, 154.8, 158.2,  149, 156.5,    0,  45,   29.5, REFLOW
 309.0,  122.8, 151.2, 154.5, 158.0,  148, 156.2,    0,  60,   29.5, REFLOW
 309.2,  122.8, 151.0, 154.2, 158.0,  148, 156.1,    0,  88,   29.6, REFLOW
 309.5,  122.8, 151.2, 154.0, 157.2,  148, 155.6,   22,   0,   29.5, REFLOW
 309.8,   85.0, 149.8, 154.2, 156.8,  148, 155.5,    0,  76,   29.6, REFLOW
 310.0,  119.5, 148.2, 151.5, 154.8,  147, 153.1,  255,   0,   29.6, REFLOW
 310.2,  117.8, 144.8, 149.8, 153.5,  147, 151.6,  255,   0,   29.6, REFLOW
 310.5,  116.8, 142.2, 149.5, 151.8,  147, 150.6,  227,   0,   29.6, REFLOW
 310.8,  115.5, 138.0, 148.8, 150.8,  147, 149.8,  213,   0,   29.6, REFLOW
 311.0,  114.5, 135.0, 147.8, 150.0,  146, 148.9,  211,   0,   29.6, REFLOW
 311.2,  113.5, 132.5, 147.5, 149.0,  146, 148.2,  161,   0,   29.6, REFLOW
 311.5,  112.0, 129.5, 146.5, 147.0,  146, 146.8,  255,   0,   29.6, REFLOW
 311.8,  111.0, 127.5, 145.0, 146.0,  146, 145.5,  255,   0,   29.6, REFLOW
 312.0,  110.2, 125.0, 144.5, 145.2,  145, 144.9,  208,   0,   29.6, REFLOW
 312.2,  109.8, 123.0, 144.0, 144.2,  145, 144.1,  255,   0,   29.6, REFLOW
 312.5,  108.8, 121.0, 142.8, 143.0,  145, 142.9,  255,   0,   29.6, REFLOW
 312.8,  108.0, 120.0, 142.5, 142.8,  145, 142.6,  160,   0,   29.6, REFLOW
 313.0,  107.0, 118.0, 141.8, 142.0,  144, 141.9,  255,   0,   29.6, REFLOW
 313.2,  106.2, 116.8, 142.0, 141.2,  144, 141.6,  160,   0,   29.6, REFLOW
 313.5,  105.5, 115.0, 141.8, 140.5,  144, 141.1,  232,   0,   29.6, REFLOW
 313.8,  104.5, 114.0, 141.2, 139.5,  144, 140.4,  255,   0,   29.6, REFLOW
 314.0,  104.0, 112.2, 140.8, 139.0,  143, 139.9,  237,   0,   29.6, REFLOW
 314.2,  103.8, 111.2, 140.8, 138.2,  143, 139.5,  214,   0,   29.6, REFLOW
 314.5,  103.2, 109.8, 139.5, 137.8,  143, 138.6,  255,   0,   29.6, REFLOW
 314.8,  102.5, 109.0, 139.8, 137.0,  143, 138.4,  205,   0,   29.6, REFLOW
 315.0,  101.8, 107.5, 140.0, 136.8,  142, 138.4,  122,   0,   29.6, REFLOW
 315.2,  101.5, 106.8, 139.8, 136.2,  142, 138.0,  224,   0,   29.6, REFLOW
 315.5,  101.0, 105.8, 138.8, 135.5,  142, 137.1,  255,   0,   29.6, REFLOW
 315.8,  100.2, 105.0, 139.0, 134.8,  142, 136.9,  215,   0,   29.6, REFLOW
 316.0,   99.8, 104.2, 138.5, 134.5,  141, 136.5,  234,   0,   29.6, REFLOW
 316.2,   99.5, 103.8, 138.5, 134.2,  141, 136.4,  174,   0,   29.6, REFLOW
 316.5,   99.2, 103.0, 138.5, 133.5,  141, 136.0,  244,   0,   29.6, REFLOW
 316.8,   98.8, 102.8, 138.0, 132.8,  141, 135.4,  255,   0,   29.6, REFLOW
 317.0,   98.0, 102.0, 136.8, 132.8,  140, 134.8,  255,   0,   29.6, REFLOW
 317.2,   97.5, 101.8, 136.8, 132.2,  140, 134.5,  223,   0,   29.6, REFLOW
 317.5,   97.8, 101.0, 136.8, 131.8,  140, 134.2,  228,   0,   29.7, REFLOW
 317.8,   97.5, 100.8, 136.8, 131.5,  140, 134.1,  199,   0,   29.6, REFLOW
 318.0,   97.5, 100.2, 136.8, 130.8,  139, 133.8,  249,   0,   29.6, REFLOW
 318.2,   96.8,  99.8, 136.8, 130.5,  139, 133.6,  189,   0,   29.7, REFLOW
 318.5,   96.5,  98.8, 135.5, 130.2,  139, 132.9,  255,   0,   29.7, REFLOW
 318.8,   96.5,  98.2, 135.8, 129.8,  139, 132.8,  206,   0,   29.7, REFLOW
 319.0,   96.0,  97.5, 135.8, 129.5,  138, 132.6,  189,   0,   29.7, REFLOW
 319.2,   95.8,  97.2, 135.2, 129.5,  138, 132.4,  225,   0,   29.7, REFLOW
 319.5,   95.5,  97.0, 126.5, 128.8,  138, 127.6,  255,   0,   29.7, REFLOW
 319.8,   95.2,  97.0, 127.2, 128.5,  138, 127.9,  190,   0,   29.7, REFLOW
 320.0,   94.8,  96.8, 105.2, 128.2,  137, 116.8,  255,   0,   29.7, REFLOW
 320.2,   95.0,  96.5, 111.2, 128.0,  137, 119.6,    0, 255,   29.7, REFLOW
 320.5,   94.2,  96.2, 116.0, 127.5,  137, 121.8,    0, 183,   29.7, REFLOW
 320.8,   93.8,  96.0, 117.8, 127.0,  137, 122.4,  187,   0,   29.7, REFLOW
 321.0,   93.5,  95.2, 119.8, 127.0,  136, 123.4,   53,   0,   29.7, REFLOW
 321.2,   93.5,  94.5, 120.5, 126.8,  136, 123.6,  236,   0,   29.7, REFLOW
 321.5,   93.0,  94.0, 121.2, 126.5,  136, 123.9,  231,   0,   29.7, REFLOW
 321.8,   92.5,  93.8, 121.8, 126.0,  136, 123.9,  255,   0,   29.7, REFLOW
 322.0,   92.2,  93.5, 121.8, 125.8,  135, 123.8,  255,   0,   29.7, REFLOW
 322.2,   92.0,  93.0, 122.2, 125.5,  135, 123.9,  242,   0,   29.7, REFLOW
 322.5,   92.0,  92.8, 122.0, 125.5,  135, 123.8,  255,   0,   29.7, REFLOW
 322.8,   92.2,  92.5, 122.8, 125.0,  135, 123.9,  242,   0,   29.7, REFLOW
 323.0,   92.2,  92.2, 123.0, 124.2,  134, 123.6,  255,   0,   29.7, REFLOW
 323.2,   92.2,  91.5, 123.8, 124.0,  134, 123.9,  191,   0,   29.7, REFLOW
 323.5,   92.0,  91.5, 123.2, 124.0,  134, 123.6,  255,   0,   29.7, REFLOW
 323.8,   92.0,  91.5, 121.5, 123.5,  134, 122.5,  255,   0,   29.7, REFLOW
 324.0,   92.0,  91.5, 100.2, 123.5,  133, 111.9,  255,   0,   29.7, REFLOW
 324.2,   92.0,  91.5,  93.2, 123.2,  133, 108.2,  255,   0,   29.7, REFLOW
 324.5,   92.2,  91.5,  86.8, 123.0,  133, 104.9,  255,   0,   29.8, REFLOW
 324.8,   92.0,  91.2,  96.8, 122.8,  133, 109.8,    0, 255,   29.8, REFLOW
 325.0,   92.0,  91.5,  99.8, 122.2,  132, 111.0,  159,   0,   29.8, REFLOW
 325.2,   92.0,  91.5, 104.2, 122.0,  132, 113.1,    0, 109,   29.7, REFLOW
 325.5,   92.0,  91.0, 106.5, 121.8,  132, 114.1,  159,   0,   29.7, REFLOW
 325.8,   92.0,  90.5, 108.5, 121.8,  132, 115.1,  139,   0,   29.8, REFLOW
 326.0,   92.2,  90.2, 109.8, 121.8,  131, 115.8,  201,   0,   29.8, REFLOW
 326.2,   92.2,  90.2, 111.2, 121.5,  131, 116.4,  188,   0,   29.8, REFLOW
 326.5,   92.2,  90.0, 111.8, 121.2,  131, 116.5,  255,   0,   29.7, REFLOW
 326.8,   92.2,  89.8, 112.8, 121.0,  131, 116.9,  241,   0,   29.8, REFLOW
 327.0,   92.2,  89.5, 113.0, 120.5,  130, 116.8,  255,   0,   29.8, REFLOW
 327.2,   92.8,  89.5, 113.8, 120.5,  130, 117.1,  216,   0,   29.8, REFLOW
 327.5,   92.5,  89.8, 114.5, 120.5,  130, 117.5,  208,   0,   29.8, REFLOW
 327.8,   92.0,  90.0, 114.5, 120.2,  130, 117.4,  255,   0,   29.8, REFLOW
 328.0,   92.0,  90.2, 114.8, 120.2,  129, 117.5,  251,   0,   29.8, REFLOW
 328.2,   92.0,  89.8, 115.5, 120.0,  129, 117.8,  215,   0,   29.8, REFLOW
 328.5,   92.0,  90.0, 116.0, 119.8,  129, 117.9,  244,   0,   29.8, REFLOW
 328.8,   91.8,  89.5, 116.5, 119.2,  129, 117.9,  255,   0,   29.8, REFLOW
 329.0,   91.5,  89.5, 116.8, 119.0,  128, 117.9,  255,   0,   29.8, REFLOW
 329.2,   91.5,  89.5, 117.0, 118.5,  128, 117.8,  255,   0,   29.8, REFLOW
 329.5,   91.5,  89.5, 117.2, 117.8,  128, 117.5,  255,   0,   29.8, REFLOW
 329.8,   91.2,  89.2, 118.0, 106.2,  128, 112.1,  255,   0,   29.8, REFLOW
 330.0,   91.2,  89.2, 118.5, 108.8,  127, 113.6,    0,  62,   29.8, REFLOW
 330.2,   91.2,  89.5, 119.0, 103.0,  127, 111.0,  255,   0,   29.8, REFLOW
 330.5,   91.0,  89.5, 119.2, 104.0,  127, 111.6,  204,   0,   29.8, REFLOW
 330.8,   90.8,  89.2, 119.5, 105.0,  127, 112.2,  192,   0,   29.8, REFLOW
 331.0,   91.0,  89.5, 119.5,  90.8,  126, 105.1,  255,   0,   29.8, REFLOW
 331.2,   90.8,  90.2, 119.5,  94.5,  126, 107.0,    0,  43,   29.8, REFLOW
 331.5,   90.8,  90.2, 120.0,  96.0,  126, 108.0,  163,   0,   29.8, REFLOW
 331.8,   90.8,  90.5, 119.5,  97.5,  126, 108.5,  255,   0,   29.8, REFLOW
 332.0,   91.0,  90.5, 119.8,  98.2,  125, 109.0,  248,   0,   29.8, REFLOW
 332.2,   91.0,  90.5, 119.2,  99.2,  125, 109.2,  255,   0,   29.8, REFLOW
 332.5,   91.2,  90.5, 119.5,  99.5,  125, 109.5,  255,   0,   29.8, REFLOW
 332.8,   91.5,  91.0, 120.0, 100.2,  125, 110.1,  195,   0,   29.8, REFLOW
 333.0,   91.2,  91.0, 120.0, 100.5,  124, 110.2,  255,   0,   29.8, REFLOW
 333.2,   91.5,  91.0, 120.2, 100.8,  124, 110.5,  255,   0,   29.8, REFLOW
 333.5,   91.5,  91.2, 120.2, 101.2,  124, 110.8,  255,   0,   29.8, REFLOW
 333.8,   91.8,  91.5, 120.0, 101.8,  124, 110.9,  255,   0,   29.8, REFLOW
 334.0,   92.0,  91.8, 120.2, 102.0,  123, 111.1,  229,   0,   29.8, REFLOW
 334.2,   92.2,  92.0, 120.5, 102.0,  123, 111.2,  255,   0,   29.9, REFLOW
 334.5,   92.5,  92.5, 120.0, 102.5,  123, 111.2,  255,   0,   29.8, REFLOW
 334.8,   93.0,  92.5, 120.2, 102.5,  123, 111.4,  255,   0,   29.8, REFLOW
 335.0,   93.5,  93.0, 120.2,  97.8,  122, 109.0,  255,   0,   29.8, REFLOW
 335.2,   93.5,  93.0, 120.2,  86.0,  122, 103.1,  255,   0,   29.9, REFLOW
 335.5,   93.5,  93.0, 120.5,  90.2,  122, 105.4,    0, 183,   29.8, REFLOW
 335.8,   93.8,  93.0, 120.8,  92.2,  122, 106.5,   83,   0,   29.9, REFLOW
 336.0,   93.8,  93.0, 120.8,  93.2,  121, 107.0,  209,   0,   29.9, REFLOW
 336.2,   94.0,  93.0, 120.5,  94.5,  121, 107.5,  199,   0,   29.9, REFLOW
 336.5,   94.5,  93.5, 120.5,  95.5,  121, 108.0,  189,   0,   29.9, REFLOW
 336.8,   94.2,  93.8, 120.8,  95.8,  121, 108.2,  247,   0,   29.9, REFLOW
 337.0,   94.0,  93.8, 120.2,  96.2,  120, 108.2,  255,   0,   29.9, REFLOW
 337.2,   94.2,  94.0, 120.2,  97.0,  120, 108.6,  188,   0,   29.9, REFLOW
 337.5,   94.8,  94.0, 120.2,  98.0,  120, 109.1,  147,   0,   29.9, REFLOW
 337.8,   94.8,  94.2, 120.0,  98.2,  120, 109.1,  255,   0,   29.9, REFLOW
 338.0,   94.8,  94.8, 119.2,  98.8,  119, 109.0,  255,   0,   29.9, REFLOW
 338.2,   94.5,  94.8, 119.5,  99.0,  119, 109.2,  187,   0,   29.9, REFLOW
 338.5,   94.5,  94.8, 119.0,  99.8,  119, 109.4,  216,   0,   29.9, REFLOW
 338.8,   94.8,  95.0, 118.0, 100.2,  119, 109.1,  255,   0,   29.9, REFLOW
 339.0,   94.2,  95.5, 118.5, 100.2,  118, 109.4,  165,   0,   29.9, REFLOW
 339.2,   94.0,  96.0, 118.8, 100.5,  118, 109.6,  160,   0,   29.9, REFLOW
 339.5,   94.2,  96.5, 117.8, 100.5,  118, 109.1,  255,   0,   29.9, REFLOW
 339.8,   94.8,  96.8, 117.2, 100.8,  118, 109.0,  255,   0,   29.9, REFLOW
 340.0,   95.2,  96.8,  99.0, 100.5,  117,  99.8,  255,   0,   29.9, REFLOW
 340.2,   95.0,  97.0,  99.5,  99.5,  117,  99.5,  255,   0,   30.0, REFLOW
 340.5,   95.0,  97.2, 105.2,  99.8,  117, 102.5,    0, 255,   29.9, REFLOW
 340.8,   95.2,  97.2, 106.8,  99.5,  117, 103.1,  176,   0,   29.9, REFLOW
 341.0,   95.2,  97.8, 108.0,  99.8,  116, 103.9,  110,   0,   29.9, REFLOW
 341.2,   95.8,  97.8, 109.0,  99.0,  116, 104.0,  255,   0,   29.9, REFLOW
 341.5,   96.5,  98.0,  93.0,  98.5,  116,  95.8,  255,   0,   30.0, REFLOW
 341.8,   96.8,  98.0,  93.2,  99.0,  116,  96.1,  255,   0,   30.0, REFLOW
 342.0,   96.5,  98.2,  98.5,  99.2,  115,  98.9,    0, 255,   30.0, REFLOW
 342.2,   96.2,  98.2, 100.5,  99.8,  115, 100.1,   40,   0,   29.9, REFLOW
 342.5,   96.2,  98.2, 102.2,  99.8,  115, 101.0,  117,   0,   30.0, REFLOW
 342.8,   96.2,  97.8, 103.0,  99.8,  115, 101.4,  234,   0,   30.0, REFLOW
 343.0,   96.8,  97.8, 104.0, 100.2,  114, 102.1,  106,   0,   30.0, REFLOW
 343.2,   96.8,  97.5, 104.5, 100.8,  114, 102.6,  158,   0,   30.0, REFLOW
 343.5,   96.8,  97.5, 105.2, 101.2,  114, 103.2,  114,   0,   30.0, REFLOW
 343.8,   96.5,  97.5, 105.5, 101.5,  114, 103.5,  203,   0,   30.0, REFLOW
 344.0,   96.8,  98.2, 106.2, 101.8,  113, 104.0,  111,   0,   30.0, REFLOW
 344.2,   96.8,  98.0, 106.2, 102.2,  113, 104.2,  168,   0,   30.0, REFLOW
 344.5,   97.0,  97.8, 106.5, 102.5,  113, 104.5,  163,   0,   30.0, REFLOW
 344.8,   97.5,  97.8, 106.8, 102.8,  113, 104.8,  158,   0,   30.0, REFLOW
 345.0,   97.0,  97.8, 106.8, 103.0,  112, 104.9,  167,   0,   30.0, REFLOW
 345.2,   97.2,  97.8, 107.2, 103.2,  112, 105.2,   97,   0,   30.0, REFLOW
 345.5,   97.0,  98.0, 106.0, 103.2,  112, 104.6,  255,   0,   30.0, REFLOW
 345.8,   96.2,  98.2, 106.5, 103.5,  112, 105.0,  102,   0,   30.0, REFLOW
 346.0,   96.0,  98.5, 106.8, 103.8,  111, 105.2,  108,   0,   30.0, REFLOW
 346.2,   96.0,  98.5, 107.0, 104.5,  111, 105.8,   36,   0,   30.0, REFLOW
 346.5,   76.8,  98.8, 107.2, 105.5,  111, 106.4,    0,  15,   30.0, REFLOW
 346.8,   97.8, 100.5, 109.8, 107.2,  111, 108.5,    0, 255,   30.0, REFLOW
 347.0,   99.8, 103.0, 112.0, 109.2,  110, 110.6,    0, 255,   30.0, REFLOW
 347.2,  100.2, 105.0, 113.5, 111.2,  110, 112.4,    0, 255,   30.0, REFLOW
 347.5,  101.5, 107.0, 115.0, 112.8,  110, 113.9,    0, 255,   30.0, REFLOW
 347.8,  102.8, 109.8, 116.5, 115.0,  110, 115.8,    0, 255,   30.0, REFLOW
 348.0,  104.0, 111.0, 118.0, 116.8,  109, 117.4,    0, 255,   30.0, REFLOW
 348.2,  105.5, 114.2, 119.0, 120.0,  109, 119.5,    0, 255,   30.0, REFLOW
 348.5,  106.2, 116.5, 119.8, 121.5,  109, 120.6,    0, 255,   30.0, REFLOW
 348.8,  108.2, 119.8, 120.5, 124.5,  109, 122.5,    0, 255,   30.0, REFLOW
 349.0,  108.8, 121.8, 121.5, 126.0,  108, 123.8,    0, 255,   30.0, REFLOW
 349.2,  109.8, 124.8, 121.8, 126.8,  108, 124.2,    0, 255,   30.0, REFLOW
 349.5,  110.5, 126.0, 122.0, 127.8,  108, 124.9,    0, 255,   30.1, REFLOW
 349.8,  111.2, 128.0, 122.2, 129.5,  108, 125.9,    0, 255,   30.1, REFLOW
 350.0,  111.8, 129.0, 122.5, 130.2,  107, 126.4,    0, 255,   30.1, REFLOW
 350.2,  112.0, 130.5, 122.0, 131.8,  107, 126.9,    0, 255,   30.0, REFLOW
 350.5,  112.2, 131.2, 122.0, 132.8,  107, 127.4,    0, 255,   30.1, REFLOW
 350.8,  112.2, 132.2, 121.8, 133.5,  107, 127.6,    0, 255,   30.1, REFLOW
 351.0,  112.8, 133.2, 121.5, 134.2,  106, 127.9,    0, 255,   30.1, REFLOW
 351.2,  112.8, 133.8, 121.5, 135.0,  106, 128.2,    0, 255,   30.1, REFLOW
 351.5,  112.8, 134.5, 121.0, 135.5,  106, 128.2,    0, 255,   30.1, REFLOW
 351.8,  112.8, 134.8, 120.8, 136.0,  106, 128.4,    0, 255,   30.1, REFLOW
 352.0,  112.8, 134.8, 120.5, 136.0,  105, 128.2,    0, 255,   30.1, REFLOW
 352.2,  112.5, 135.2, 120.2, 136.2,  105, 128.2,    0, 255,   30.1, REFLOW
 352.5,  112.5, 135.5, 120.0, 136.5,  105, 128.2,    0, 255,   30.1, REFLOW
 352.8,  112.5, 135.8, 120.0, 137.0,  105, 128.5,    0, 255,   30.1, REFLOW
 353.0,  112.5, 135.5, 120.0, 137.0,  104, 128.5,    0, 255,   30.1, REFLOW
 353.2,  112.2, 135.8, 120.0, 137.8,  104, 128.9,    0, 255,   30.1, REFLOW
 353.5,  112.0, 136.0, 119.5, 138.5,  104, 129.0,    0, 255,   30.1, REFLOW
 353.8,  111.8, 135.8, 119.0, 138.2,  104, 128.6,    0, 255,   30.1, REFLOW
 354.0,  112.0, 135.5, 118.8, 138.2,  103, 128.5,    0, 255,   30.1, REFLOW
 354.2,  112.0, 136.0, 118.8, 138.2,  103, 128.5,    0, 255,   30.1, REFLOW
 354.5,  112.0, 136.0, 118.8, 138.8,  103, 128.8,    0, 255,   30.1, REFLOW
 354.8,  111.8, 136.8, 118.5, 139.0,  103, 128.8,    0, 255,   30.1, REFLOW
 355.0,  111.5, 136.8, 118.2, 139.0,  102, 128.6,    0, 255,   30.1, REFLOW
 355.2,  111.2, 137.2, 118.0, 140.2,  102, 129.1,    0, 255,   30.1, REFLOW
 355.5,  111.0, 137.5, 117.8, 139.8,  102, 128.8,    0, 255,   30.1, REFLOW
 355.8,  111.0, 137.5, 117.2, 139.5,  102, 128.4,    0, 255,   30.1, REFLOW
 356.0,  110.8, 137.5, 117.2, 139.2,  101, 128.2,    0, 255,   30.1, REFLOW
 356.2,  110.8, 137.8, 117.0, 139.8,  101, 128.4,    0, 255,   30.1, REFLOW
 356.5,  110.8, 137.8, 117.0, 140.0,  101, 128.5,    0, 255,   30.2, REFLOW
 356.8,  110.8, 137.8, 116.8, 140.0,  101, 128.4,    0, 255,   30.2, REFLOW
 357.0,  110.8, 137.8, 116.5, 140.2,  100, 128.4,    0, 255,   30.2, REFLOW
 357.2,  110.5, 137.8, 116.5, 139.8,  100, 128.1,    0, 255,   30.2, REFLOW
 357.5,  110.2, 137.5, 116.2, 140.2,  100, 128.2,    0, 255,   30.2, REFLOW
 357.8,  110.0, 137.5, 116.0, 140.5,  100, 128.2,    0, 255,   30.2, REFLOW
 358.0,  110.0, 137.0, 116.0, 140.0,   99, 128.0,    0, 255,   30.2, REFLOW
 358.2,  109.8, 136.8, 115.8, 139.8,   99, 127.8,    0, 255,   30.2, REFLOW
 358.5,  109.8, 136.2, 115.5, 139.5,   99, 127.5,    0, 255,   30.2, REFLOW
 358.8,  109.5, 135.8, 115.5, 139.2,   99, 127.4,    0, 255,   30.2, REFLOW
 359.0,  109.5, 135.8, 115.2, 138.8,   98, 127.0,    0, 255,   30.2, REFLOW
 359.2,  109.2, 135.5, 114.8, 138.5,   98, 126.6,    0, 255,   30.2, REFLOW
 359.5,  108.8, 135.5, 114.8, 138.2,   98, 126.5,    0, 255,   30.2, REFLOW
 359.8,  108.5, 135.2, 114.5, 138.5,   98, 126.5,    0, 255,   30.2, REFLOW
 360.0,  108.2, 135.0, 114.2, 137.8,   97, 126.0,    0, 255,   30.2, REFLOW
 360.2,  108.2, 135.0, 114.5, 137.8,   97, 126.1,    0, 255,   30.2, REFLOW
 360.5,  108.2, 135.0, 113.8, 138.0,   97, 125.9,    0, 255,   30.2, REFLOW
 360.8,  108.0, 135.0, 114.0, 138.2,   97, 126.1,    0, 255,   30.2, REFLOW
 361.0,  107.8, 134.2, 113.5, 137.8,   96, 125.6,    0, 255,   30.2, REFLOW
 361.2,  107.2, 134.2, 113.5, 137.8,   96, 125.6,    0, 255,   30.2, REFLOW
 361.5,  107.2, 134.0, 113.0, 137.2,   96, 125.1,    0, 255,   30.2, REFLOW
 361.8,  107.0, 134.0, 112.8, 137.8,   96, 125.2,    0, 255,   30.2, REFLOW
 362.0,  106.5, 133.5, 112.8, 137.5,   95, 125.1,    0, 255,   30.2, REFLOW
 362.2,  106.5, 133.5, 112.5, 137.8,   95, 125.1,    0, 255,   30.2, REFLOW
 362.5,  106.2, 133.2, 112.2, 137.0,   95, 124.6,    0, 255,   30.2, REFLOW
 362.8,  106.0, 132.8, 111.8, 137.0,   95, 124.4,    0, 255,   30.2, REFLOW
 363.0,  106.0, 132.5, 111.8, 136.8,   94, 124.2,    0, 255,   30.2, REFLOW
 363.2,  106.0, 132.2, 111.5, 136.5,   94, 124.0,    0, 255,   30.2, REFLOW
 363.5,  105.5, 131.8, 111.2, 136.5,   94, 123.9,    0, 255,   30.2, REFLOW
 363.8,  105.5, 131.2, 111.0, 136.2,   94, 123.6,    0, 255,   30.2, REFLOW
 364.0,  105.0, 131.5, 110.8, 135.8,   93, 123.2,    0, 255,   30.2, REFLOW
 364.2,  105.0, 131.2, 110.5, 135.8,   93, 123.1,    0, 255,   30.2, REFLOW
 364.5,  104.8, 130.8, 110.2, 135.5,   93, 122.9,    0, 255,   30.3, REFLOW
 364.8,  104.8, 130.5, 110.2, 135.8,   93, 123.0,    0, 255,   30.3, REFLOW
 365.0,  104.5, 130.0, 110.0, 135.0,   92, 122.5,    0, 255,   30.3, REFLOW
 365.2,  104.2, 129.8, 109.8, 134.8,   92, 122.2,    0, 255,   30.3, REFLOW
 365.5,  104.0, 129.2, 109.5, 134.0,   92, 121.8,    0, 255,   30.3, REFLOW
 365.8,  103.8, 129.0, 109.5, 134.0,   92, 121.8,    0, 255,   30.3, REFLOW
 366.0,  103.5, 129.0, 109.0, 134.8,   91, 121.9,    0, 255,   30.3, REFLOW
 366.2,  103.2, 128.8, 108.8, 134.5,   91, 121.6,    0, 255,   30.3, REFLOW
 366.5,  103.0, 128.5, 108.5, 134.5,   91, 121.5,    0, 255,   30.3, REFLOW
 366.8,  103.0, 128.2, 108.5, 134.0,   91, 121.2,    0, 255,   30.3, REFLOW
 367.0,  102.5, 127.5, 108.0, 133.5,   90, 120.8,    0, 255,   30.3, REFLOW
 367.2,  102.5, 127.8, 108.0, 133.8,   90, 120.9,    0, 255,   30.3, REFLOW
 367.5,  102.0, 127.0, 107.2, 133.2,   90, 120.2,    0, 255,   30.3, REFLOW
 367.8,  101.8, 126.8, 107.2, 132.8,   90, 120.0,    0, 255,   30.3, REFLOW
 368.0,  101.5, 126.5, 107.2, 133.0,   89, 120.1,    0, 255,   30.3, REFLOW
 368.2,  101.5, 126.5, 107.0, 132.0,   89, 119.5,    0, 255,   30.3, REFLOW
 368.5,  101.2, 126.2, 106.8, 132.2,   89, 119.5,    0, 255,   30.3, REFLOW
 368.8,  101.0, 126.2, 106.5, 132.5,   89, 119.5,    0, 255,   30.3, REFLOW
 369.0,  100.5, 125.8, 106.2, 132.0,   88, 119.1,    0, 255,   30.3, REFLOW
 369.2,  100.2, 125.2, 106.0, 131.2,   88, 118.6,    0, 255,   30.3, REFLOW
 369.5,  100.0, 124.8, 105.8, 131.0,   88, 118.4,    0, 255,   30.3, REFLOW
 369.8,   99.8, 124.0, 105.5, 130.5,   88, 118.0,    0, 255,   30.3, REFLOW
 370.0,   99.8, 123.8, 105.5, 130.0,   87, 117.8,    0, 255,   30.3, REFLOW
 370.2,   99.5, 123.2, 105.0, 130.0,   87, 117.5,    0, 255,   30.4, REFLOW
 370.5,   99.2, 123.2, 104.8, 129.8,   87, 117.2,    0, 255,   30.4, REFLOW
 370.8,   99.0, 122.5, 104.5, 129.5,   87, 117.0,    0, 255,   30.4, REFLOW
 371.0,   99.0, 122.5, 104.2, 129.2,   86, 116.8,    0, 255,   30.4, REFLOW
 371.2,   98.8, 122.0, 104.2, 128.8,   86, 116.5,    0, 255,   30.4, REFLOW
 371.5,   98.2, 121.5, 104.0, 128.2,   86, 116.1,    0, 255,   30.4, REFLOW
 371.8,   98.2, 121.2, 103.8, 127.2,   86, 115.5,    0, 255,   30.4, REFLOW
 372.0,   98.0, 121.2, 103.5, 127.0,   85, 115.2,    0, 255,   30.4, REFLOW
 372.2,   97.8, 120.8, 103.2, 126.2,   85, 114.8,    0, 255,   30.4, REFLOW
 372.5,   97.5, 120.8, 103.0, 126.5,   85, 114.8,    0, 255,   30.4, REFLOW
 372.8,   97.5, 120.5, 102.8, 126.5,   85, 114.6,    0, 255,   30.4, REFLOW
 373.0,   97.2, 120.5, 102.5, 126.8,   84, 114.6,    0, 255,   30.4, REFLOW
 373.2,   97.2, 120.5, 102.0, 127.0,   84, 114.5,    0, 255,   30.4, REFLOW
 373.5,   97.0, 120.2, 102.0, 126.0,   84, 114.0,    0, 255,   30.4, REFLOW
 373.8,   96.8, 119.8, 101.8, 125.0,   84, 113.4,    0, 255,   30.4, REFLOW
 374.0,   96.8, 119.2, 101.8, 125.0,   83, 113.4,    0, 255,   30.4, REFLOW
 374.2,   96.5, 119.0, 101.2, 124.8,   83, 113.0,    0, 255,   30.4, REFLOW
 374.5,   96.2, 119.0, 101.2, 124.2,   83, 112.8,    0, 255,   30.4, REFLOW
 374.8,   96.0, 118.8, 101.0, 123.8,   83, 112.4,    0, 255,   30.4, REFLOW
 375.0,   96.0, 118.5, 101.0, 124.0,   82, 112.5,    0, 255,   30.4, REFLOW
 375.2,   95.8, 118.2, 100.8, 124.0,   82, 112.4,    0, 255,   30.4, REFLOW
 375.5,   95.5, 117.8, 100.8, 123.5,   82, 112.1,    0, 255,   30.4, REFLOW
 375.8,   95.2, 117.2, 100.5, 122.8,   82, 111.6,    0, 255,   30.4, REFLOW
 376.0,   95.0, 116.8, 100.2, 122.0,   81, 111.1,    0, 255,   30.4, REFLOW
 376.2,   95.0, 116.5, 100.0, 122.0,   81, 111.0,    0, 255,   30.5, REFLOW
 376.5,   94.8, 116.5, 100.0, 122.2,   81, 111.1,    0, 255,   30.5, REFLOW
 376.8,   94.5, 116.2,  99.8, 122.5,   81, 111.1,    0, 255,   30.5, REFLOW
 377.0,   94.2, 116.0,  99.5, 122.5,   80, 111.0,    0, 255,   30.5, REFLOW
 377.2,   94.0, 115.8,  99.5, 122.2,   80, 110.9,    0, 255,   30.5, REFLOW
 377.5,   94.0, 115.2,  99.2, 121.5,   80, 110.4,    0, 255,   30.5, REFLOW
 377.8,   93.5, 115.0,  99.0, 121.8,   80, 110.4,    0, 255,   30.5, REFLOW
 378.0,   93.5, 114.8,  98.8, 122.0,   79, 110.4,    0, 255,   30.5, REFLOW
 378.2,   93.2, 114.8,  98.5, 121.2,   79, 109.9,    0, 255,   30.5, REFLOW
 378.5,   93.2, 114.8,  98.5, 121.2,   79, 109.9,    0, 255,   30.5, REFLOW
 378.8,   93.0, 114.5,  98.2, 119.8,   79, 109.0,    0, 255,   30.5, REFLOW
 379.0,   92.8, 114.0,  98.2, 120.0,   78, 109.1,    0, 255,   30.5, REFLOW
 379.2,   92.5, 114.0,  98.0, 120.0,   78, 109.0,    0, 255,   30.5, REFLOW
 379.5,   92.5, 113.5,  98.0, 119.2,   78, 108.6,    0, 255,   30.5, REFLOW
 379.8,   92.2, 113.2,  98.0, 119.0,   78, 108.5,    0, 255,   30.5, REFLOW
 380.0,   92.2, 112.8,  97.8, 119.0,   77, 108.4,    0, 255,   30.5, REFLOW
 380.2,   92.0, 112.8,  97.5, 118.8,   77, 108.1,    0, 255,   30.5, REFLOW
 380.5,   91.8, 112.8,  97.2, 119.0,   77, 108.1,    0, 255,   30.5, REFLOW
 380.8,   91.5, 112.2,  97.2, 119.0,   77, 108.1,    0, 255,   30.5, REFLOW
 381.0,   91.2, 112.2,  97.2, 118.5,   76, 107.9,    0, 255,   30.5, REFLOW
 381.2,   91.2, 112.0,  97.0, 118.2,   76, 107.6,    0, 255,   30.5, REFLOW
 381.5,   91.0, 111.8,  96.8, 117.5,   76, 107.1,    0, 255,   30.5, REFLOW
 381.8,   91.0, 111.5,  96.8, 117.8,   76, 107.2,    0, 255,   30.5, REFLOW
 382.0,   90.8, 111.0,  96.2, 117.2,   75, 106.8,    0, 255,   30.5, REFLOW
 382.2,   90.5, 111.0,  96.2, 117.5,   75, 106.9,    0, 255,   30.5, REFLOW
 382.5,   90.2, 111.0,  96.0, 117.5,   75, 106.8,    0, 255,   30.5, REFLOW
 382.8,   90.2, 110.8,  95.8, 117.5,   75, 106.6,    0, 255,   30.5, REFLOW
 383.0,   90.0, 110.2,  95.8, 116.8,   74, 106.2,    0, 255,   30.5, REFLOW
 383.2,   90.0, 110.0,  95.8, 116.5,   74, 106.1,    0, 255,   30.5, REFLOW
 383.5,   90.0, 109.8,  95.5, 116.2,   74, 105.9,    0, 255,   30.5, REFLOW
 383.8,   90.0, 109.5,  95.2, 115.5,   74, 105.4,    0, 255,   30.5, REFLOW
 384.0,   89.5, 109.2,  94.8, 115.2,   73, 105.0,    0, 255,   30.6, REFLOW
 384.2,   89.5, 109.2,  95.0, 115.5,   73, 105.2,    0, 255,   30.6, REFLOW
 384.5,   89.2, 108.8,  94.5, 115.0,   73, 104.8,    0, 255,   30.6, REFLOW
 384.8,   89.2, 108.5,  94.5, 114.2,   73, 104.4,    0, 255,   30.6, REFLOW
 385.0,   89.0, 108.2,  94.2, 114.5,   72, 104.4,    0, 255,   30.6, REFLOW
 385.2,   88.8, 107.5,  94.0, 113.2,   72, 103.6,    0, 255,   30.6, REFLOW
 385.5,   88.5, 107.5,  93.8, 113.5,   72, 103.6,    0, 255,   30.6, REFLOW
 385.8,   88.2, 107.2,  93.8, 112.8,   72, 103.2,    0, 255,   30.6, REFLOW
 386.0,   88.2, 107.2,  93.5, 112.8,   71, 103.1,    0, 255,   30.6, REFLOW
 386.2,   88.0, 107.0,  93.2, 113.0,   71, 103.1,    0, 255,   30.6, REFLOW
 386.5,   88.0, 106.8,  93.2, 113.0,   71, 103.1,    0, 255,   30.6, REFLOW
 386.8,   87.8, 106.5,  93.2, 113.0,   71, 103.1,    0, 255,   30.6, REFLOW
 387.0,   87.5, 106.5,  92.8, 113.0,   70, 102.9,    0, 255,   30.6, REFLOW
 387.2,   87.5, 106.0,  92.8, 113.0,   70, 102.9,    0, 255,   30.6, REFLOW
 387.5,   87.0, 106.0,  92.2, 112.8,   70, 102.5,    0, 255,   30.6, REFLOW
 387.8,   87.0, 105.8,  92.2, 112.8,   70, 102.5,    0, 255,   30.6, REFLOW
 388.0,   86.8, 105.5,  92.0, 112.0,   69, 102.0,    0, 255,   30.6, REFLOW
 388.2,   86.5, 105.2,  92.0, 111.8,   69, 101.9,    0, 255,   30.6, REFLOW
 388.5,   86.2, 105.0,  91.8, 111.8,   69, 101.8,    0, 255,   30.6, REFLOW
 388.8,   86.0, 104.8,  91.5, 111.8,   69, 101.6,    0, 255,   30.6, REFLOW
 389.0,   86.0, 104.2,  91.5, 111.2,   68, 101.4,    0, 255,   30.6, REFLOW
 389.2,   85.8, 104.0,  91.2, 111.2,   68, 101.2,    0, 255,   30.6, REFLOW
 389.5,   85.8, 104.0,  91.2, 111.5,   68, 101.4,    0, 255,   30.6, REFLOW
 389.8,   85.5, 103.8,  91.2, 111.2,   68, 101.2,    0, 255,   30.6, REFLOW
 390.0,   85.2, 103.2,  91.2, 111.0,   67, 101.1,    0, 255,   30.6, REFLOW
 390.2,   85.0, 103.0,  91.2, 110.5,   67, 100.9,    0, 255,   30.6, REFLOW
 390.5,   85.0, 102.8,  90.8, 109.5,   67, 100.1,    0, 255,   30.7, REFLOW
 390.8,   85.0, 102.8,  90.5, 109.5,   67, 100.0,    0, 255,   30.7, REFLOW
 391.0,   84.8, 102.2,  90.5, 109.2,   66,  99.9,    0, 255,   30.7, REFLOW
 391.2,   84.8, 102.2,  90.0, 109.2,   66,  99.6,    0, 255,   30.7, REFLOW
 391.5,   84.5, 102.0,  89.8, 109.2,   66,  99.5,    0, 255,   30.7, REFLOW
 391.8,   84.2, 102.0,  89.8, 109.2,   66,  99.5,    0, 255,   30.7, REFLOW
 392.0,   84.0, 101.8,  89.5, 108.8,   65,  99.1,    0, 255,   30.7, REFLOW
 392.2,   84.0, 101.8,  89.5, 107.8,   65,  98.6,    0, 255,   30.7, REFLOW
 392.5,   83.8, 101.8,  89.2, 108.2,   65,  98.8,    0, 255,   30.7, REFLOW
 392.8,   83.8, 101.5,  89.2, 108.2,   65,  98.8,    0, 255,   30.7, REFLOW
 393.0,   83.5, 101.5,  88.8, 107.8,   64,  98.2,    0, 255,   30.7, REFLOW
 393.2,   83.0, 101.2,  88.5, 107.8,   64,  98.1,    0, 255,   30.7, REFLOW
 393.5,   83.0, 101.0,  88.5, 107.8,   64,  98.1,    0, 255,   30.7, REFLOW
 393.8,   82.8, 100.8,  88.2, 107.5,   64,  97.9,    0, 255,   30.7, REFLOW
 394.0,   82.8, 100.2,  88.0, 107.0,   63,  97.5,    0, 255,   30.7, REFLOW
 394.2,   82.8, 100.0,  88.0, 106.2,   63,  97.1,    0, 255,   30.7, REFLOW
 394.5,   82.5,  99.8,  87.8, 106.2,   63,  97.0,    0, 255,   30.8, REFLOW
 394.8,   82.2,  99.5,  87.5, 106.2,   63,  96.9,    0, 255,   30.7, REFLOW
 395.0,   82.2,  99.5,  87.2, 106.5,   62,  96.9,    0, 255,   30.8, REFLOW
 395.2,   82.0,  99.5,  87.2, 106.2,   62,  96.8,    0, 255,   30.8, REFLOW
 395.5,   81.8,  99.2,  87.0, 106.2,   62,  96.6,    0, 255,   30.8, REFLOW
 395.8,   81.5,  98.8,  87.0, 105.5,   62,  96.2,    0, 255,   30.7, REFLOW
 396.0,   81.5,  98.5,  86.8, 105.5,   61,  96.1,    0, 255,   30.8, REFLOW
 396.2,   81.2,  98.2,  86.8, 105.8,   61,  96.2,    0, 255,   30.8, REFLOW
 396.5,   81.2,  98.2,  86.5, 105.8,   61,  96.1,    0, 255,   30.8, REFLOW
 396.8,   81.0,  97.8,  86.2, 104.2,   61,  95.2,    0, 255,   30.8, REFLOW
 397.0,   80.8,  97.5,  86.2, 104.0,   60,  95.1,    0, 255,   30.8, REFLOW
 397.2,   80.8,  97.5,  86.0, 104.5,   60,  95.2,    0, 255,   30.8, REFLOW
 397.5,   80.8,  97.5,  86.0, 104.5,   60,  95.2,    0, 255,   30.8, REFLOW
 397.8,   80.8,  97.2,  85.8, 103.8,   60,  94.8,    0, 255,   30.8, REFLOW
 398.0,   80.2,  97.2,  85.5, 103.8,   59,  94.6,    0, 255,   30.8, REFLOW
 398.2,   80.2,  97.0,  85.5, 103.5,   59,  94.5,    0, 255,   30.8, REFLOW
 398.5,   80.2,  97.0,  85.2, 102.8,   59,  94.0,    0, 255,   30.8, REFLOW
 398.8,   80.0,  96.5,  85.0, 102.8,   59,  93.9,    0, 255,   30.8, REFLOW
 399.0,   79.8,  96.5,  84.8, 102.2,   58,  93.5,    0, 255,   30.8, REFLOW
 399.2,   79.8,  96.0,  84.8, 102.2,   58,  93.5,    0, 255,   30.8, REFLOW
 399.5,   79.8,  95.8,  84.8, 102.2,   58,  93.5,    0, 255,   30.8, REFLOW
 399.8,   79.5,  95.2,  84.5, 101.5,   58,  93.0,    0, 255,   30.8, REFLOW
 400.0,   79.5,  95.2,  84.2, 101.2,   57,  92.8,    0, 255,   30.8, REFLOW
 400.2,   79.2,  95.0,  84.2, 101.5,   57,  92.9,    0, 255,   30.8, REFLOW
 400.5,   79.2,  95.0,  84.0, 101.5,   57,  92.8,    0, 255,   30.8, REFLOW
 400.8,   79.0,  94.5,  84.0, 100.8,   57,  92.4,    0, 255,   30.8, REFLOW
 401.0,   78.8,  94.5,  83.8, 100.0,   56,  91.9,    0, 255,   30.9, REFLOW
 401.2,   78.8,  94.2,  83.5, 100.0,   56,  91.8,    0, 255,   30.9, REFLOW
 401.5,   78.5,  94.2,  83.2, 100.0,   56,  91.6,    0, 255,   30.8, REFLOW
 401.8,   78.2,  94.0,  83.2, 100.0,   56,  91.6,    0, 255,   30.9, REFLOW
 402.0,   78.2,  94.0,  83.0,  99.8,   55,  91.4,    0, 255,   30.9, REFLOW
 402.2,   78.0,  94.0,  82.8,  99.5,   55,  91.1,    0, 255,   30.9, REFLOW
 402.5,   77.8,  94.0,  82.8,  99.0,   55,  90.9,    0, 255,   30.9, REFLOW
 402.8,   77.8,  93.8,  82.5,  99.0,   55,  90.8,    0, 255,   30.9, REFLOW
 403.0,   77.8,  93.8,  82.2,  99.0,   54,  90.6,    0, 255,   30.9, REFLOW
 403.2,   77.5,  93.2,  82.2,  98.8,   54,  90.5,    0, 255,   30.9, REFLOW
 403.5,   77.5,  93.2,  82.0,  98.8,   54,  90.4,    0, 255,   30.9, REFLOW
 403.8,   77.2,  93.0,  82.0,  98.5,   54,  90.2,    0, 255,   30.9, REFLOW
 404.0,   77.2,  92.5,  82.0,  98.5,   53,  90.2,    0, 255,   30.9, REFLOW
 404.2,   77.0,  92.0,  81.8,  98.0,   53,  89.9,    0, 255,   30.9, REFLOW
 404.5,   76.8,  92.2,  81.5,  98.2,   53,  89.9,    0, 255,   30.9, REFLOW
 404.8,   76.5,  92.0,  81.2,  98.2,   53,  89.8,    0, 255,   30.9, REFLOW
 405.0,   76.5,  91.8,  81.0,  98.0,   52,  89.5,    0, 255,   30.9, REFLOW
 405.2,   76.2,  91.8,  81.0,  97.5,   52,  89.2,    0, 255,   30.9, REFLOW
 405.5,   76.2,  91.2,  80.8,  97.5,   52,  89.1,    0, 255,   31.0, REFLOW
 405.8,   76.0,  91.0,  80.8,  97.2,   52,  89.0,    0, 255,   30.9, REFLOW
 406.0,   76.0,  90.5,  80.8,  96.5,   51,  88.6,    0, 255,   30.9, REFLOW
 406.2,   76.0,  90.8,  80.5,  97.0,   51,  88.8,    0, 255,   31.0, REFLOW
 406.5,   76.0,  90.5,  80.2,  96.8,   51,  88.5,    0, 255,   31.0, REFLOW
 406.8,   75.8,  90.5,  80.0,  96.5,   51,  88.2,    0, 255,   31.0, REFLOW
 407.0,   75.8,  90.2,  80.0,  96.2,   50,  88.1,    0, 255,   31.0, REFLOW
 407.2,   75.5,  90.0,  79.8,  95.8,   50,  87.8,    0, 255,   31.0, REFLOW
 407.5,   75.5,  90.0,  79.5,  95.8,   50,  87.6,    0, 255,   31.0, REFLOW
 407.8,   75.5,  89.8,  79.8,  95.8,   50,  87.8,    0, 255,   31.0, REFLOW
 408.0,   75.2,  89.8,  79.5,  95.2,   49,  87.4,    0, 255,   31.0, REFLOW
 408.2,   75.2,  89.5,  79.5,  95.8,   49,  87.6,    0, 255,   31.0, REFLOW
 408.5,   75.5,  89.2,  79.2,  95.0,   49,  87.1,    0, 255,   31.0, REFLOW
 408.8,   75.2,  89.2,  79.2,  94.8,   49,  87.0,    0, 255,   31.0, REFLOW
 409.0,   75.0,  89.2,  79.0,  95.0,   48,  87.0,    0, 255,   31.0, REFLOW
 409.2,   75.0,  89.2,  79.0,  95.0,   48,  87.0,    0, 255,   31.0, REFLOW
 409.5,   74.8,  89.2,  78.8,  94.8,   48,  86.8,    0, 255,   31.0, REFLOW
 409.8,   74.8,  89.2,  78.8,  95.0,   48,  86.9,    0, 255,   31.0, REFLOW
 410.0,   74.5,  88.8,  78.5,  94.5,   47,  86.5,    0, 255,   31.0, REFLOW
 410.2,   74.5,  88.5,  78.5,  94.2,   47,  86.4,    0, 255,   31.0, REFLOW
 410.5,   74.2,  88.2,  78.2,  94.2,   47,  86.2,    0, 255,   31.0, REFLOW
 410.8,   74.0,  88.0,  78.5,  93.8,   47,  86.1,    0, 255,   31.0, REFLOW
 411.0,   74.0,  87.8,  78.2,  93.5,   46,  85.9,    0, 255,   31.0, REFLOW
 411.2,   73.8,  87.8,  78.0,  93.0,   46,  85.5,    0, 255,   31.0, REFLOW
 411.5,   73.5,  87.5,  77.8,  92.8,   46,  85.2,    0, 255,   31.0, REFLOW
 411.8,   73.5,  87.5,  77.5,  93.0,   46,  85.2,    0, 255,   31.0, REFLOW
 412.0,   73.5,  87.5,  77.2,  92.8,   45,  85.0,    0, 255,   31.0, REFLOW
 412.2,   73.2,  87.2,  77.2,  92.5,   45,  84.9,    0, 255,   31.0, REFLOW
 412.5,   73.0,  87.0,  77.0,  92.2,   45,  84.6,    0, 255,   31.0, REFLOW
 412.8,   73.0,  87.0,  77.0,  92.2,   45,  84.6,    0, 255,   31.1, REFLOW
 413.0,   72.8,  87.0,  76.8,  92.0,   44,  84.4,    0, 255,   31.1, REFLOW
 413.2,   72.8,  86.8,  76.8,  91.8,   44,  84.2,    0, 255,   31.1, REFLOW
 413.5,   72.5,  86.5,  76.8,  91.5,   44,  84.1,    0, 255,   31.1, REFLOW
 413.8,   72.5,  86.2,  76.5,  91.5,   44,  84.0,    0, 255,   31.1, REFLOW
 414.0,   72.5,  86.0,  76.2,  91.0,   43,  83.6,    0, 255,   31.1, REFLOW
 414.2,   72.5,  86.0,  76.2,  91.0,   43,  83.6,    0, 255,   31.1, REFLOW
 414.5,   72.5,  85.8,  76.0,  91.0,   43,  83.5,    0, 255,   31.1, REFLOW
 414.8,   72.5,  85.5,  76.0,  91.0,   43,  83.5,    0, 255,   31.1, REFLOW
 415.0,   72.2,  85.8,  75.8,  90.2,   42,  83.0,    0, 255,   31.1, REFLOW
 415.2,   72.2,  85.8,  75.8,  90.5,   42,  83.1,    0, 255,   31.1, REFLOW
 415.5,   72.2,  85.8,  75.8,  90.8,   42,  83.2,    0, 255,   31.1, REFLOW
 415.8,   72.0,  85.2,  75.8,  90.8,   42,  83.2,    0, 255,   31.1, REFLOW
 416.0,   72.0,  85.2,  75.5,  90.5,   41,  83.0,    0, 255,   31.1, REFLOW
 416.2,   71.8,  85.0,  75.5,  90.5,   41,  83.0,    0, 255,   31.1, REFLOW
 416.5,   71.8,  85.0,  75.2,  90.2,   41,  82.8,    0, 255,   31.1, REFLOW
 416.8,   71.5,  85.2,  75.0,  90.2,   41,  82.6,    0, 255,   31.2, REFLOW
 417.0,   71.5,  85.0,  75.0,  90.0,   40,  82.5,    0, 255,   31.2, REFLOW
 417.2,   71.5,  85.0,  74.8,  89.8,   40,  82.2,    0, 255,   31.1, REFLOW
 417.5,   71.5,  84.8,  74.8,  89.5,   40,  82.1,    0, 255,   31.1, REFLOW
 417.8,   71.2,  84.8,  74.8,  89.5,   40,  82.1,    0, 255,   31.2, REFLOW
 418.0,   71.0,  84.5,  74.5,  89.5,   39,  82.0,    0, 255,   31.2, REFLOW
 418.2,   71.0,  84.2,  74.5,  89.5,   39,  82.0,    0, 255,   31.2, REFLOW
 418.5,   70.8,  84.2,  74.5,  89.2,   39,  81.9,    0, 255,   31.2, REFLOW
 418.8,   70.5,  84.2,  74.2,  89.0,   39,  81.6,    0, 255,   31.2, REFLOW
 419.0,   70.5,  84.0,  74.2,  89.0,   38,  81.6,    0, 255,   31.2, REFLOW
 419.2,   70.5,  84.0,  74.2,  89.0,   38,  81.6,    0, 255,   31.2, REFLOW
 419.5,   70.5,  84.0,  74.0,  88.2,   38,  81.1,    0, 255,   31.2, REFLOW
 419.8,   70.2,  83.8,  73.8,  88.8,   38,  81.2,    0, 255,   31.2, REFLOW
 420.0,   70.2,  83.8,  73.8,  88.5,   38,  81.1,    0, 255,   31.2, REFLOW
 420.2,   70.2,  83.5,  73.5,  88.8,   38,  81.1,    0, 255,   31.2, REFLOW
 195.2,  181.0, 184.0, 224.5, 215.5,  231, 220.0,  255,   0,   28.7, REFLOW
 195.5,  181.2, 184.5, 224.8, 215.8,  231, 220.2,  255,   0,   28.7, REFLOW
 195.8,  181.8, 184.8, 225.2, 216.2,  231, 220.8,  255,   0,   28.7, REFLOW
 196.0,  182.0, 185.0, 225.8, 216.8,  232, 221.2,  255,   0,   28.7, REFLOW
 196.2,  182.0, 185.2, 226.0, 217.0,  232, 221.5,  255,   0,   28.7, REFLOW
 196.5,  182.5, 185.5, 226.2, 217.2,  232, 221.8,  255,   0,   28.7, REFLOW
 196.8,  182.5, 185.5, 226.8, 217.8,  232, 222.2,  244,   0,   28.7, REFLOW
 197.0,  182.8, 186.0, 227.0, 218.0,  234, 222.5,  255,   0,   28.7, REFLOW
 197.2,  183.0, 186.2, 227.0, 218.2,  234, 222.6,  255,   0,   28.7, REFLOW
 197.5,  183.2, 186.5, 227.2, 218.2,  234, 222.8,  255,   0,   28.8, REFLOW
 197.8,  183.5, 186.5, 227.8, 218.5,  234, 223.1,  255,   0,   28.8, REFLOW
 198.0,  183.8, 186.8, 228.0, 218.8,  235, 223.4,  255,   0,   28.7, REFLOW
 198.2,  184.0, 187.0, 228.2, 218.8,  235, 223.5,  255,   0,   28.8, REFLOW
 198.5,  184.2, 187.0, 228.5, 219.0,  235, 223.8,  255,   0,   28.7, REFLOW
 198.8,  184.5, 187.2, 228.8, 219.2,  235, 224.0,  255,   0,   28.8, REFLOW
 199.0,  184.5, 187.5, 229.0, 219.5,  236, 224.2,  255,   0,   28.7, REFLOW
 199.2,  185.0, 187.8, 229.2, 219.8,  236, 224.5,  255,   0,   28.8, REFLOW
 199.5,  185.2, 188.0, 229.8, 220.2,  236, 225.0,  189,   0,   28.8, REFLOW
 199.8,  185.5, 188.2, 230.0, 220.5,  236, 225.2,  247,   0,   28.8, REFLOW
 200.0,  185.8, 188.5, 230.5, 221.0,  238, 225.8,  174,   0,   28.7, REFLOW
 200.2,  185.8, 188.5, 230.8, 221.2,  238, 226.0,  232,   0,   28.7, REFLOW
 200.5,  186.0, 189.0, 231.0, 221.5,  238, 226.2,  227,   0,   28.7, REFLOW
 200.8,  186.2, 189.0, 231.2, 221.8,  238, 226.5,  222,   0,   28.8, REFLOW
 201.0,  186.5, 189.2, 231.5, 222.0,  237, 226.8,  197,   0,   28.8, REFLOW
 201.2,  186.8, 189.5, 231.5, 222.2,  237, 226.9,  226,   0,   28.7, REFLOW
 201.5,  187.0, 189.8, 232.0, 222.5,  237, 227.2,  156,   0,   28.7, REFLOW
 201.8,  187.0, 190.0, 232.2, 222.8,  237, 227.5,  182,   0,   28.8, REFLOW
 202.0,  187.5, 190.2, 232.5, 222.8,  237, 227.6,  211,   0,   28.8, REFLOW
 202.2,  187.8, 190.2, 232.8, 223.0,  237, 227.9,  175,   0,   28.8, REFLOW
 202.5,  187.8, 190.5, 233.0, 223.2,  237, 228.1,  170,   0,   28.8, REFLOW
 202.8,  188.0, 190.5, 233.2, 223.2,  237, 228.2,  199,   0,   28.8, REFLOW
 203.0,  188.2, 190.8, 233.5, 223.8,  236, 228.6,  109,   0,   28.8, REFLOW
 203.2,  188.5, 191.0, 233.8, 223.8,  236, 228.8,  169,   0,   28.8, REFLOW
 203.5,  188.8, 191.0, 234.0, 224.0,  236, 229.0,  132,   0,   28.8, REFLOW
 203.8,  189.0, 191.2, 234.2, 224.2,  236, 229.2,  127,   0,   28.8, REFLOW
 204.0,  189.2, 191.5, 234.5, 224.5,  236, 229.5,  122,   0,   28.8, REFLOW
 204.2,  189.2, 191.5, 234.5, 224.8,  236, 229.6,  151,   0,   28.8, REFLOW
 204.5,  189.5, 191.5, 234.8, 224.8,  236, 229.8,  149,   0,   28.8, REFLOW
 204.8,  189.5, 191.8, 235.0, 224.8,  236, 229.9,  146,   0,   28.8, REFLOW
 205.0,  189.8, 192.0, 235.0, 225.0,  235, 230.0,  124,   0,   28.8, REFLOW
 205.2,  190.0, 192.0, 235.2, 225.0,  235, 230.1,  121,   0,   28.8, REFLOW
 205.5,  190.0, 192.0, 235.5, 225.0,  235, 230.2,  119,   0,   28.8, REFLOW
 205.8,  190.2, 192.2, 235.5, 225.0,  235, 230.2,  150,   0,   28.8, REFLOW
 206.0,  190.2, 192.5, 235.8, 225.2,  235, 230.5,   83,   0,   28.8, REFLOW
 206.2,  190.5, 192.5, 236.0, 225.2,  235, 230.6,  111,   0,   28.8, REFLOW
 206.5,  190.5, 192.5, 236.0, 225.2,  235, 230.6,  143,   0,   28.8, REFLOW
 206.8,  190.8, 192.8, 236.2, 225.5,  235, 230.9,   75,   0,   28.8, REFLOW
 207.0,  190.8, 192.8, 236.2, 225.5,  234, 230.9,  118,   0,   28.8, REFLOW
 207.2,  191.0, 193.0, 236.5, 225.8,  234, 231.1,   50,   0,   28.8, REFLOW
 207.5,  191.0, 193.0, 236.5, 225.8,  234, 231.1,  113,   0,   28.8, REFLOW
 207.8,  191.0, 193.0, 236.8, 226.0,  234, 231.4,   45,   0,   28.8, REFLOW
 208.0,  191.2, 193.2, 237.0, 226.0,  234, 231.5,   74,   0,   28.8, REFLOW
 208.2,  191.2, 193.2, 237.0, 226.0,  234, 231.5,  105,   0,   28.8, REFLOW
 208.5,  191.2, 193.2, 237.0, 226.0,  234, 231.5,  105,   0,   28.8, REFLOW
 208.8,  191.5, 193.2, 237.2, 226.2,  234, 231.8,   38,   0,   28.8, REFLOW
 209.0,  191.5, 193.5, 237.2, 226.0,  233, 231.6,  114,   0,   28.8, REFLOW
 209.2,  191.5, 193.5, 237.2, 226.0,  233, 231.6,   83,   0,   28.8, REFLOW
 209.5,  191.5, 193.5, 237.2, 226.2,  233, 231.8,   49,   0,   28.8, REFLOW
 209.8,  191.5, 193.8, 237.5, 226.2,  233, 231.9,   46,   0,   28.8, REFLOW
 210.0,  191.8, 193.8, 237.5, 226.2,  233, 231.9,   78,   0,   28.8, REFLOW
 210.2,  191.8, 193.8, 237.5, 226.2,  233, 231.9,   78,   0,   28.8, REFLOW
 210.5,  191.8, 193.8, 237.5, 226.2,  233, 231.9,   78,   0,   28.8, REFLOW
 210.8,  191.8, 193.8, 237.5, 226.2,  233, 231.9,   78,   0,   28.8, REFLOW
 211.0,  191.8, 194.0, 237.8, 226.2,  232, 232.0,   24,   0,   28.8, REFLOW
 211.2,  191.8, 194.0, 237.8, 226.2,  232, 232.0,   55,   0,   28.8, REFLOW
 211.5,  191.8, 194.0, 237.8, 226.2,  232, 232.0,   55,   0,   28.8, REFLOW
 211.8,  191.8, 194.0, 237.8, 226.2,  232, 232.0,   55,   0,   28.8, REFLOW
 212.0,  191.8, 194.0, 237.8, 226.0,  232, 231.9,   89,   0,   28.8, REFLOW
 212.2,  191.8, 194.0, 237.8, 226.2,  232, 232.0,   24,   0,   28.8, REFLOW
 212.5,  191.5, 194.0, 237.8, 226.0,  232, 231.9,   89,   0,   28.8, REFLOW
 212.8,  191.8, 194.0, 237.8, 226.0,  232, 231.9,   58,   0,   28.8, REFLOW
 213.0,  191.5, 194.0, 237.8, 226.0,  231, 231.9,   38,   0,   28.8, REFLOW
 213.2,  191.5, 194.0, 237.8, 226.0,  231, 231.9,   38,   0,   28.8, REFLOW
 213.5,  191.5, 194.0, 237.8, 226.0,  231, 231.9,   38,   0,   28.8, REFLOW
 213.8,  191.5, 194.0, 237.8, 225.8,  231, 231.8,   71,   0,   28.8, REFLOW
 214.0,  191.5, 193.8, 237.8, 225.8,  231, 231.8,   40,   0,   28.8, REFLOW
 214.2,  191.2, 193.8, 237.8, 225.8,  231, 231.8,   40,   0,   28.8, REFLOW
 214.5,  191.2, 193.8, 237.8, 225.5,  231, 231.6,   74,   0,   28.8, REFLOW
 214.8,  191.2, 193.8, 237.8, 225.5,  231, 231.6,   43,   0,   28.8, REFLOW
 215.0,  191.2, 193.8, 237.8, 225.5,  230, 231.6,   23,   0,   28.8, REFLOW
 215.2,  191.0, 193.5, 237.5, 225.2,  230, 231.4,   90,   0,   28.8, REFLOW
 215.5,  191.0, 193.5, 237.5, 225.2,  230, 231.4,   28,   0,   28.8, REFLOW
 215.8,  191.0, 193.5, 237.5, 225.0,  230, 231.2,   61,   0,   28.8, REFLOW
 216.0,  191.0, 193.5, 237.5, 225.0,  230, 231.2,   30,   0,   28.8, REFLOW
 216.2,  191.0, 193.2, 237.5, 224.8,  230, 231.1,   64,   0,   28.8, REFLOW
 216.5,  190.8, 193.2, 237.5, 224.8,  230, 231.1,   33,   0,   28.8, REFLOW
 216.8,  190.8, 193.2, 237.5, 224.8,  230, 231.1,   33,   0,   28.8, REFLOW
 217.0,  190.5, 193.0, 237.5, 224.8,  229, 231.1,   13,   0,   28.8, REFLOW
 217.2,  190.5, 193.2, 237.5, 224.5,  229, 231.0,   46,   0,   28.8, REFLOW
 217.5,  190.5, 193.0, 237.2, 224.5,  229, 230.9,   49,   0,   28.8, REFLOW
 217.8,  190.5, 193.0, 237.2, 224.2,  229, 230.8,   51,   0,   28.8, REFLOW
 218.0,  190.2, 193.0, 237.2, 224.0,  229, 230.6,   54,   0,   28.8, REFLOW
 218.2,  190.2, 192.8, 237.0, 224.0,  229, 230.5,   56,   0,   28.8, REFLOW
 218.5,  190.0, 192.8, 237.0, 223.8,  229, 230.4,   59,   0,   28.8, REFLOW
 218.8,  190.0, 192.8, 237.0, 223.8,  229, 230.4,   28,   0,   28.8, REFLOW
 219.0,  190.0, 192.5, 237.0, 223.5,  228, 230.2,   41,   0,   28.8, REFLOW
 219.2,  189.8, 192.5, 237.0, 223.5,  228, 230.2,   10,   0,   28.8, REFLOW
 219.5,  189.8, 192.5, 236.8, 223.2,  228, 230.0,   78,   0,   28.8, REFLOW
 219.8,  189.5, 192.5, 236.8, 223.2,  228, 230.0,   15,   0,   28.8, REFLOW
 220.0,  189.5, 192.5, 236.5, 223.0,  228, 229.8,   83,   0,   28.8, REFLOW
 220.2,  189.5, 192.2, 236.5, 223.0,  228, 229.8,   20,   0,   28.8, REFLOW
 220.5,  189.2, 192.2, 236.5, 222.8,  228, 229.6,   54,   0,   28.8, REFLOW
 220.8,  189.0, 192.2, 236.5, 222.8,  228, 229.6,   23,   0,   28.9, REFLOW
 221.0,  188.8, 192.2, 236.2, 222.8,  227, 229.5,   36,   0,   28.9, REFLOW
 221.2,  188.8, 192.2, 236.2, 222.5,  227, 229.4,   39,   0,   28.8, REFLOW
 221.5,  188.8, 192.0, 236.2, 222.5,  227, 229.4,    8,   0,   28.9, REFLOW
 221.8,  188.5, 192.0, 236.2, 222.5,  227, 229.4,    8,   0,   28.9, REFLOW
 222.0,  188.5, 192.0, 236.0, 222.2,  226, 229.1,   55,   0,   28.8, REFLOW
 222.2,  188.5, 191.8, 235.8, 222.2,  226, 229.0,   26,   0,   28.8, REFLOW
 222.5,  188.2, 191.8, 235.8, 222.0,  226, 228.9,   29,   0,   28.8, REFLOW
 222.8,  188.0, 191.8, 235.8, 221.8,  226, 228.8,   31,   0,   28.8, REFLOW
 223.0,  188.0, 191.5, 235.8, 221.8,  226, 228.8,    0,   0,   28.8, REFLOW
 223.2,  187.8, 191.5, 235.8, 221.5,  226, 228.6,   34,   0,   28.9, REFLOW
 223.5,  187.8, 191.2, 235.5, 221.2,  226, 228.4,   70,   0,   28.8, REFLOW
 223.8,  187.8, 191.2, 235.5, 221.2,  226, 228.4,    7,   0,   28.9, REFLOW
 224.0,  187.5, 191.0, 235.2, 221.0,  225, 228.1,   55,   0,   28.9, REFLOW
 224.2,  187.2, 191.0, 235.2, 220.8,  225, 228.0,   26,   0,   28.9, REFLOW
 224.5,  187.0, 191.0, 235.0, 220.8,  225, 227.9,   29,   0,   28.9, REFLOW
 224.8,  187.0, 190.8, 235.0, 220.5,  225, 227.8,   31,   0,   28.9, REFLOW

