   0.0,   46.0,  46.8,  45.2,  47.2,   50,  46.2,    0, 255,   36.6, REFLOW
   0.2,   46.0,  46.8,  45.2,  47.2,   50,  46.2,   75,  10,   36.7, REFLOW
   0.5,   46.2,  46.8,  45.5,  47.2,   50,  46.4,   41,  10,   36.7, REFLOW
   0.8,   46.2,  46.8,  45.5,  47.2,   50,  46.4,   72,  10,   36.7, REFLOW
   1.0,   46.2,  47.0,  45.5,  47.2,   50,  46.4,   72,  10,   36.7, REFLOW
   1.2,   46.2,  47.2,  45.5,  47.2,   50,  46.4,   72,  10,   36.7, REFLOW
   1.5,   46.5,  47.2,  45.5,  47.5,   50,  46.5,   38,  10,   36.7, REFLOW
   1.8,   46.5,  47.2,  45.5,  47.2,   50,  46.4,  103,  10,   36.7, REFLOW
   2.0,   46.5,  47.5,  45.5,  47.5,   50,  46.5,   38,  10,   36.7, REFLOW
   2.2,   46.5,  47.8,  45.5,  47.5,   50,  46.5,   70,  10,   36.7, REFLOW
   2.5,   46.5,  47.8,  45.5,  47.5,   50,  46.5,   70,  10,   36.7, REFLOW
   2.8,   46.5,  47.8,  45.5,  47.5,   50,  46.5,   70,  10,   36.7, REFLOW
   3.0,   46.5,  47.8,  45.5,  47.5,   50,  46.5,   70,  10,   36.7, REFLOW
   3.2,   46.2,  47.8,  45.5,  47.5,   50,  46.5,   70,  10,   36.7, REFLOW
   3.5,   46.2,  47.8,  45.5,  47.5,   50,  46.5,   70,  10,   36.7, REFLOW
   3.8,   46.2,  47.8,  45.5,  47.5,   50,  46.5,   70,  10,   36.7, REFLOW
   4.0,   46.2,  48.0,  45.5,  47.8,   50,  46.6,   36,  10,   36.7, REFLOW
   4.2,   46.0,  48.0,  45.5,  47.8,   50,  46.6,   67,  10,   36.7, REFLOW
   4.5,   46.2,  48.0,  45.5,  47.8,   50,  46.6,   67,  10,   36.7, REFLOW
   4.8,   46.0,  48.0,  45.5,  47.8,   50,  46.6,   67,  10,   36.7, REFLOW
   5.0,   46.0,  48.2,  45.5,  47.8,   50,  46.6,   67,  10,   36.7, REFLOW
   5.2,   46.0,  48.2,  45.5,  47.8,   50,  46.6,   67,  10,   36.7, REFLOW
   5.5,   46.0,  48.2,  45.5,  47.8,   50,  46.6,   67,  10,   36.7, REFLOW
   5.8,   46.0,  48.2,  45.5,  47.8,   50,  46.6,   67,  10,   36.7, REFLOW
   6.0,   46.0,  48.2,  45.5,  48.0,   50,  46.8,   34,  10,   36.7, REFLOW
   6.2,   46.0,  48.5,  45.5,  48.0,   50,  46.8,   65,  10,   36.7, REFLOW
   6.5,   46.0,  48.5,  45.5,  48.0,   50,  46.8,   65,  10,   36.7, REFLOW
   6.8,   46.0,  48.8,  45.5,  48.0,   50,  46.8,   65,  10,   36.7, REFLOW
   7.0,   46.0,  48.8,  45.5,  48.0,   50,  46.8,   65,  10,   36.7, REFLOW
   7.2,   46.2,  48.8,  45.5,  48.0,   50,  46.8,   65,  10,   36.7, REFLOW
   7.5,   46.2,  48.8,  45.5,  48.0,   50,  46.8,   65,  10,   36.7, REFLOW
   7.8,   46.0,  48.8,  45.5,  48.0,   50,  46.8,   65,  10,   36.7, REFLOW
   8.0,   46.0,  49.0,  45.5,  48.2,   50,  46.9,   31,  10,   36.7, REFLOW
   8.2,   46.0,  49.0,  45.5,  48.2,   50,  46.9,   62,  10,   36.7, REFLOW
   8.5,   46.2,  49.0,  45.5,  48.2,   50,  46.9,   62,  10,   36.7, REFLOW
   8.8,   46.2,  49.2,  45.8,  48.2,   50,  47.0,   29,  10,   36.7, REFLOW
   9.0,   46.2,  49.2,  45.8,  48.2,   50,  47.0,   60,  10,   36.7, REFLOW
   9.2,   46.2,  49.2,  45.8,  48.2,   50,  47.0,   60,  10,   36.7, REFLOW
   9.5,   46.2,  49.2,  45.8,  48.2,   50,  47.0,   60,  10,   36.7, REFLOW
   9.8,   46.5,  49.5,  45.8,  48.2,   50,  47.0,   60,  10,   36.7, REFLOW
  10.0,   46.5,  49.2,  45.8,  48.2,   50,  47.0,   60,  10,   36.7, REFLOW
  10.2,   46.5,  49.5,  45.8,  48.5,   50,  47.1,   26,  10,   36.7, REFLOW
  10.5,   46.5,  49.5,  45.8,  48.5,   50,  47.1,   58,  10,   36.7, REFLOW
  10.8,   46.5,  49.5,  45.8,  48.5,   50,  47.1,   58,  10,   36.7, REFLOW
  11.0,   46.5,  49.5,  45.8,  48.5,   50,  47.1,   58,  10,   36.7, REFLOW
  11.2,   46.5,  49.8,  45.8,  48.8,   50,  47.2,   24,  10,   36.7, REFLOW
  11.5,   46.5,  49.8,  45.8,  48.8,   50,  47.2,   55,  10,   36.7, REFLOW
  11.8,   46.5,  50.0,  45.8,  49.0,   50,  47.4,   21,  10,   36.7, REFLOW
  12.0,   46.5,  50.0,  45.8,  49.0,   50,  47.4,   53,  10,   36.7, REFLOW
  12.2,   46.8,  50.0,  46.0,  49.0,   50,  47.5,   19,  10,   36.7, REFLOW
  12.5,   46.8,  50.2,  46.0,  49.0,   50,  47.5,   50,  10,   36.7, REFLOW
  12.8,   46.5,  50.2,  46.0,  49.0,   50,  47.5,   50,  10,   36.7, REFLOW
  13.0,   46.5,  50.2,  46.0,  49.0,   50,  47.5,   50,  10,   36.7, REFLOW
  13.2,   46.8,  50.2,  46.0,  49.0,   50,  47.5,   50,  10,   36.7, REFLOW
  13.5,   46.8,  50.2,  46.0,  49.2,   50,  47.6,   16,  10,   36.7, REFLOW
  13.8,   46.5,  50.5,  46.0,  49.2,   50,  47.6,   48,  10,   36.7, REFLOW
  14.0,   46.8,  50.5,  46.0,  49.2,   50,  47.6,   48,  10,   36.7, REFLOW
  14.2,   46.5,  50.5,  46.0,  49.2,   50,  47.6,   48,  10,   36.7, REFLOW
  14.5,   46.5,  50.8,  46.0,  49.2,   50,  47.6,   48,  10,   36.7, REFLOW
  14.8,   46.8,  50.8,  46.0,  49.2,   50,  47.6,   48,  10,   36.7, REFLOW
  15.0,   46.8,  50.8,  46.2,  49.2,   50,  47.8,   14,  10,   36.7, REFLOW
  15.2,   47.0,  50.8,  46.2,  49.2,   50,  47.8,   45,  10,   36.7, REFLOW
  15.5,   46.8,  51.0,  46.2,  49.5,   50,  47.9,   12,  10,   36.7, REFLOW
  15.8,   46.8,  51.0,  46.2,  49.5,   50,  47.9,   43,  10,   36.7, REFLOW
  16.0,   46.8,  51.2,  46.2,  49.8,   50,  48.0,    9,  10,   36.7, REFLOW
  16.2,   47.0,  51.2,  46.2,  49.8,   50,  48.0,   40,  10,   36.7, REFLOW
  16.5,   46.8,  51.2,  46.2,  49.8,   50,  48.0,   40,  10,   36.7, REFLOW
  16.8,   47.0,  51.2,  46.2,  49.8,   50,  48.0,   40,  10,   36.7, REFLOW
  17.0,   47.0,  51.2,  46.2,  49.8,   50,  48.0,   40,  10,   36.8, REFLOW
  17.2,   47.0,  51.2,  46.2,  49.8,   50,  48.0,   40,  10,   36.7, REFLOW
  17.5,   47.0,  51.2,  46.5,  49.8,   50,  48.1,    7,  10,   36.7, REFLOW
  17.8,   47.0,  51.5,  46.5,  50.0,   50,  48.2,    4,  10,   36.7, REFLOW
  18.0,   47.0,  51.5,  46.5,  50.2,   50,  48.4,    2,  10,   36.7, REFLOW
  18.2,   47.2,  51.8,  46.5,  50.2,   50,  48.4,   33,  10,   36.7, REFLOW
  18.5,   47.0,  51.8,  46.5,  50.2,   50,  48.4,   33,  10,   36.7, REFLOW
  18.8,   47.0,  52.0,  46.5,  50.2,   50,  48.4,   33,  10,   36.8, REFLOW
  19.0,   47.2,  52.0,  46.5,  50.5,   50,  48.5,    0,   8,   36.7, REFLOW
  19.2,   47.2,  52.0,  46.5,  50.5,   50,  48.5,   30,  10,   36.7, REFLOW
  19.5,   47.2,  52.2,  46.8,  50.8,   50,  48.8,    0,  44,   36.7, REFLOW
  19.8,   47.2,  52.2,  46.8,  50.8,   50,  48.8,   25,  10,   36.7, REFLOW
  20.0,   47.2,  52.2,  46.8,  50.8,   50,  48.8,  225,  10,   36.7, REFLOW
  20.2,   47.5,  52.5,  46.8,  50.8,   50,  48.8,  225,  10,   36.7, REFLOW
  20.5,   47.5,  52.5,  46.8,  50.8,   50,  48.8,  226,  10,   36.7, REFLOW
  20.8,   47.5,  52.5,  46.8,  50.8,   50,  48.8,  226,  10,   36.7, REFLOW
  21.0,   47.5,  52.5,  46.8,  50.8,   51,  48.8,  226,  10,   36.7, REFLOW
  21.2,   47.5,  52.8,  46.8,  51.0,   51,  48.9,  192,  10,   36.7, REFLOW
  21.5,   47.8,  52.8,  47.0,  51.0,   51,  49.0,  189,  10,   36.7, REFLOW
  21.8,   47.8,  53.0,  47.0,  51.0,   51,  49.0,  221,  10,   36.8, REFLOW
  22.0,   47.8,  53.0,  47.0,  51.0,   52,  49.0,  221,  10,   36.7, REFLOW
  22.2,   48.0,  53.0,  47.0,  51.2,   52,  49.1,  187,  10,   36.7, REFLOW
  22.5,   47.8,  53.0,  47.0,  51.2,   52,  49.1,  218,  10,   36.7, REFLOW
  22.8,   48.0,  53.2,  47.0,  51.2,   52,  49.1,  218,  10,   36.7, REFLOW
  23.0,   48.2,  53.2,  47.2,  51.2,   53,  49.2,  185,  10,   36.7, REFLOW
  23.2,   48.2,  53.2,  47.2,  51.5,   53,  49.4,  182,  10,   36.7, REFLOW
  23.5,   48.5,  53.2,  47.5,  51.5,   53,  49.5,  180,  10,   36.7, REFLOW
  23.8,   48.2,  53.2,  47.5,  51.5,   53,  49.5,  211,  10,   36.7, REFLOW
  24.0,   48.5,  53.5,  47.5,  51.5,   54,  49.5,  211,  10,   36.7, REFLOW
  24.2,   48.5,  53.5,  47.5,  51.5,   54,  49.5,  211,  10,   36.7, REFLOW
  24.5,   48.5,  53.8,  47.5,  51.8,   54,  49.6,  177,  10,   36.7, REFLOW
  24.8,   48.5,  54.0,  47.5,  51.8,   54,  49.6,  209,  10,   36.7, REFLOW
  25.0,   49.0,  54.0,  47.8,  51.8,   55,  49.8,  175,  10,   36.8, REFLOW
  25.2,   49.0,  54.0,  47.8,  51.8,   55,  49.8,  206,  10,   36.7, REFLOW
  25.5,   49.0,  54.2,  47.8,  51.8,   55,  49.8,  206,  10,   36.7, REFLOW
  25.8,   49.2,  54.2,  47.8,  52.0,   55,  49.9,  173,  10,   36.7, REFLOW
  26.0,   49.5,  54.2,  48.0,  52.0,   56,  50.0,  170,  10,   36.8, REFLOW
  26.2,   49.5,  54.2,  48.0,  52.0,   56,  50.0,  202,  10,   36.7, REFLOW
  26.5,   50.0,  54.5,  48.0,  52.2,   56,  50.1,  168,  10,   36.7, REFLOW
  26.8,   50.0,  54.5,  48.2,  52.2,   56,  50.2,  165,  10,   36.8, REFLOW
  27.0,   50.2,  54.8,  48.2,  52.2,   57,  50.2,  197,  10,   36.8, REFLOW
  27.2,   50.2,  54.8,  48.2,  52.2,   57,  50.2,  197,  10,   36.8, REFLOW
  27.5,   50.2,  54.8,  48.5,  52.2,   57,  50.4,  163,  10,   36.7, REFLOW
  27.8,   50.5,  54.8,  48.5,  52.5,   57,  50.5,  160,  10,   36.8, REFLOW
  28.0,   50.8,  55.0,  48.5,  52.5,   58,  50.5,  192,  10,   36.8, REFLOW
  28.2,   51.0,  55.0,  48.5,  52.5,   58,  50.5,  192,  10,   36.7, REFLOW
  28.5,   51.0,  55.0,  48.8,  52.8,   58,  50.8,  124,  10,   36.7, REFLOW
  28.8,   51.2,  55.2,  48.8,  52.8,   58,  50.8,  187,  10,   36.8, REFLOW
  29.0,   51.5,  55.2,  48.8,  52.8,   59,  50.8,  187,  10,   36.8, REFLOW
  29.2,   51.8,  55.2,  49.0,  53.0,   59,  51.0,  119,  10,   36.7, REFLOW
  29.5,   52.0,  55.5,  49.0,  53.0,   59,  51.0,  182,  10,   36.8, REFLOW
  29.8,   52.0,  55.5,  49.2,  53.0,   59,  51.1,  148,  10,   36.7, REFLOW
  30.0,   52.2,  55.8,  49.2,  53.2,   60,  51.2,  255,  10,   36.8, REFLOW
  30.2,   52.5,  55.8,  49.5,  53.5,   60,  51.5,  255,  10,   36.7, REFLOW
  30.5,   52.8,  55.8,  49.5,  53.5,   60,  51.5,  255,  10,   36.7, REFLOW
  30.8,   52.8,  56.0,  49.8,  53.5,   60,  51.6,  255,  10,   36.7, REFLOW
  31.0,   53.2,  56.0,  49.8,  53.8,   61,  51.8,  255,  10,   36.7, REFLOW
  31.2,   53.5,  56.2,  49.8,  53.8,   61,  51.8,  255,  10,   36.7, REFLOW
  31.5,   53.8,  56.2,  50.0,  54.0,   61,  52.0,  255,  10,   36.8, REFLOW
  31.8,   54.0,  56.5,  50.2,  54.0,   61,  52.1,  255,  10,   36.8, REFLOW
  32.0,   54.2,  56.8,  50.2,  54.2,   62,  52.2,  255,  10,   36.8, REFLOW
  32.2,   54.8,  57.0,  50.5,  54.5,   62,  52.5,  255,  10,   36.8, REFLOW
  32.5,   55.0,  57.2,  50.5,  54.8,   62,  52.6,  255,  10,   36.7, REFLOW
  32.8,   55.2,  57.2,  50.8,  54.8,   62,  52.8,  255,  10,   36.7, REFLOW

































































































































































































































































































































































































































































































































































































































































































































































































